760000
480000
940002
230004
100008
580008
840008
800010
920010
500010
990012
840012
230016
890016
590016
800016
360018
720018
490020
520020
280020
730020
670020
200022
630024
300024
570024
30024
460026
950028
300030
240030
910032
430032
790032
410034
80040
380040
350040
800040
750040
780042
250044
710046
510048
690048
210048
150048
190050
940050
640050
800052
620052
990052
450054
900054
700056
970056
300060
120060
160062
320064
980064
50064
620064
610064
920064
780066
640068
560070
470070
870072
900072
20076
860076
660078
970080
370080
460080
190080
280080
130080
920080
550080
530082
440082
390084
330084
20088
510090
420090
210090
640092
40092
440094
410094
290094
680094
950094
740096
150096
960096
240096
310100
30100
960102
460104
740106
150108
270108
900108
180108
640110
520110
790110
550110
410112
840114
760116
10116
620116
500118
420120
240120
930120
720126
900126
700128
800130
710130
500130
960132
820134
220134
590136
560136
680136
980136
880140
970140
570140
890142
330144
820144
690144
340146
800148
90150
370152
910152
640152
400158
290160
230160
380160
130160
410160
800160
850164
530166
210168
790170
220170
410172
170172
770172
600174
220176
900180
540180
760182
170184
950184
320184
470184
140184
570186
90186
650190
290190
260190
570192
170196
20196
160200
220200
400200
760200
460200
20208
110208
390208
830208
360210
510210
660212
850212
520212
10212
550212
900216
760218
140220
210222
730224
940224
40224
800226
880230
680232
80232
830232
270240
930240
480240
370240
190242
970242
80244
790248
670248
910248
140250
650250
560252
140256
260256
840258
730260
100260
520260
280260
540260
390264
660264
960264
350268
290268
720270
180270
360272
730272
580272
620274
390276
570276
670278
950280
210280
110280
570280
150282
230286
570288
280290
880290
520290
840294
370296
340302
110304
430304
70308
790308
210312
330312
780312
480312
720312
600320
610320
670320
100320
730320
910320
870320
260322
980322
780324
310324
180324
390324
860328
620328
560328
770328
80328
380328
920328
960330
330330
930330
780330
130332
490332
310336
570336
790340
890340
200340
100344
430344
760344
10344
250344
840348
430350
310350
520350
450352
30352
560352
580356
990360
510360
600360
750360
640362
550368
190368
910368
580368
130368
380370
750372
460374
590376
80376
710376
240378
810378
940380
410382
60384
310384
570384
500388
710388
840390
780390
760392
100392
130396
800400
920400
770400
860400
140400
320400
620400
480402
900402
150402
90402
960402
40404
370404
870408
660408
190410
850410
250410
780414
490416
30420
960420
820422
500424
960428
730428
710430
320430
110432
930432
240432
940436
100436
950436
200436
830436
310440
70440
890442
70446
330448
210448
260448
120450
30450
250452
60452
510456
150456
390456
520458
530460
250460
890460
70464
940464
490464
610464
470466
20468
650468
220470
950472
650472
500472
980472
110478
630480
240480
840480
260484
640488
100488
940488
276
40320
340488
160488
980490
660492
130494
190494
650496
950496
40500
250500
550500
260502
200502
920502
780504
270504
990504
630504
840510
480510
390510
610512
460512
820512
880512
370512
320514
670516
600516
40518
340520
20520
950520
440520
380520
230520
980520
560520
90522
480522
680526
270528
930528
810528
660528
10528
450528
210528
130530
190530
600534
690534
220536
250536
730536
710538
890540
150540
480540
760542
680544
800544
70548
320550
290550
260550
510552
210552
720552
380556
70560
540560
790560
250560
170562
120564
960564
810564
800568
200568
450570
390570
280572
900576
780576
550578
890580
650580
90582
880584
680586
120588
820590
760590
940590
190590
440592
330594
890596
970596
750600
150600
480600
810600
420600
300600
70602
900606
370608
250608
880608
710610
380610
150612
640614
680616
770616
720618
760620
910620
790620
190620
280620
660624
630630
940632
730632
190632
300636
500640
200640
530640
740640
80640
690642
870642
100644
230646
180648
150648
900648
160650
10650
790650
700650
400650
680652
780654
700656
990656
100656
730656
870660
630660
570660
130662
170670
740670
750672
630672
110676
620676
60676
250680
820680
670680
300680
430680
730680
680680
800682
350682
380682
330684
150684
280686
950688
230688
140688
410688
350688
500688
710688
680688
570690
690690
820692
580692
290694
570696
270696
600696
810696
70698
530700
700700
20700
920700
900708
620712
200712
800712
860712
290718
650718
680718
150720
450720
750720
160722
40722
220724
590724
150726
910728
880728
820728
410730
800730
740736
890736
170736
470736
710736
880740
220740
820740
850740
70740
430740
140742
300744
900744
480744
60744
370746
170748
920748
510750
510752
570752
430752
840756
120756
270756
180756
940758
540760
800760
380760
350760
50760
120760
320760
890760
570762
720762
520764
170766
180768
840768
60768
760770
170772
970776
790776
580776
660780
210780
150780
390780
640780
980784
110784
530784
480786
310788
790788
920790
680790
900792
840792
480792
600792
300792
240792
500796
950796
530796
760800
940800
190800
470808
950808
340808
670810
240810
910812
800814
500814
550816
420816
700818
230820
260820
560820
980820
600822
990822
10824
880824
250824
620826
990828
600828
460830
740832
140832
120834
290836
40836
850836
630840
360840
190848
320850
250852
810852
600852
740856
230856
880860
280860
760860
980862
40866
960870
270870
780870
280872
220872
790872
540872
580872
40872
960876
870876
360876
800880
80880
740880
980880
940880
370880
220880
380880
320880
630882
790884
70884
340884
830886
480888
150888
780888
190890
730890
640890
50892
320892
750894
940896
850896
400896
960900
790902
410904
290904
570906
780906
850908
670908
70908
920910
720912
910912
780912
360912
170916
230916
20916
630918
570918
430920
690920
250920
800922
640926
820926
620928
200928
550928
110928
860928
540930
90930
960930
780930
220932
490932
710934
810936
300936
870936
650940
890940
840942
100944
610944
350946
330948
880950
70950
710952
860952
590952
830952
850956
760956
340956
570960
60960
890960
350964
930966
760968
220968
670968
440970
490974
920976
800976
250980
220980
330980
450984
180984
800988
810990
390992
100992
220992
160992
860994
350994
720996
570996
670998
610998
951000
471000
141000
871000
561000
501000
861000
351000
771000
21000
151008
141008
981008
131010
621012
71016
791016
461016
171018
381018
601020
671020
811020
491022
791022
441024
531024
71028
501030
661032
151032
721032
781032
481032
821034
651036
621036
141036
421038
871038
341040
761040
881040
431040
171040
581040
131040
11040
91044
461046
281046
141048
291048
201048
211050
691050
71052
941052
171054
811056
781056
581058
51060
951060
431060
531060
771060
631060
111060
181062
661062
311064
161064
971064
441066
481068
851070
911070
711072
961072
1074
461076
881076
341076
741078
991080
91080
721080
301080
31080
821082
71082
861084
81084
931086
661086
941088
971088
261090
21090
951090
331092
421092
571092
101094
71094
401094
111096
891096
381096
651096
821100
141102
51102
571104
421104
601104
221104
171108
651108
111108
61110
481110
761112
201114
61116
151116
241116
891120
351120
531120
561120
51120
131124
341124
791124
701124
921126
441126
421128
121128
811128
221130
531132
921132
1134
241136
291138
331140
931140
151140
101142
51144
291144
801150
841152
311154
321156
291156
611156
651156
681156
851160
431160
821160
281160
671160
41160
411162
851166
771168
411168
301168
841170
751170
211170
641172
771174
121176
451176
731178
81180
201180
61182
511182
91182
401184
641190
281190
431190
81192
381192
711192
801192
791196
861196
821196
841200
811200
941200
601200
761202
671208
251208
581208
731208
951210
701220
581220
341220
791220
821220
891222
991224
801228
711228
441228
211230
161232
821232
731232
281232
241236
211236
161238
861240
31240
441240
921240
171240
51240
291240
561240
471240
451242
321246
651246
501246
581250
371250
691254
781254
131256
41256
71256
911260
931260
421260
861264
981264
591264
541266
911268
181272
511272
191274
491274
381276
461280
971280
491280
731280
371280
621280
11280
721280
341280
51282
231282
391284
151284
461286
741288
711288
61290
131292
601296
331296
341298
841302
421302
781302
481302
901302
311304
671304
221304
971304
401304
151308
391308
301308
231308
941310
641310
281310
711312
561312
301312
531312
21318
481320
261320
841320
931320
161322
731328
41328
291330
831330
361332
991332
341334
921336
111336
121338
641340
571340
571344
601344
781344
931350
841350
191352
581352
11352
101352
711354
771354
391356
461356
51360
561360
501360
261360
351360
691362
721364
611364
41364
131364
811368
181368
661368
511368
861372
381372
771378
611380
571380
451380
61380
941382
441384
291384
721386
911388
121392
151392
721392
401394
681396
271398
251400
701400
431400
581400
191400
131400
351402
801402
121404
61404
401406
851406
141408
321408
11408
681408
811410
211410
871410
181410
61410
41412
401412
921414
241416
481416
151416
271416
471420
951420
291420
361422
631422
601422
61422
821424
971424
81424
731424
911424
111426
501426
281428
181428
421428
21432
741432
81432
531432
171432
111432
561438
541440
481440
271440
811440
511440
881442
281442
911442
611442
771444
141444
31446
71448
101448
441450
771450
741450
61452
971454
541458
71460
831460
701460
521460
281460
171462
231462
151464
1464
851466
121470
721470
481470
781470
601470
871470
191472
431472
221472
1476
761478
141480
771480
231480
81480
321480
541482
421482
371484
911484
141486
1488
631488
391488
151488
131490
251490
491490
161490
531492
201492
861492
101496
971496
11496
231498
681500
731500
571500
301504
471504
451506
821508
401508
981510
51510
381510
781512
361512
1512
661512
631512
231516
761516
711516
721518
501520
641520
101520
591522
981522
561528
21528
331530
231532
961536
541536
301536
921536
721536
461538
201540
141540
591540
21540
451542
821544
491544
21546
401548
641550
171552
531552
231552
21552
511554
641556
281556
651560
811560
1560
31560
601560
781560
931560
301560
121560
671560
731562
851562
811566
161568
131568
531570
171570
361572
581574
741576
531576
81576
561576
601578
1578
251580
551580
601580
671580
771582
21582
471582
311584
121584
151584
41586
551586
831588
641592
281592
761592
701592
601596
381600
481600
81600
661602
151602
71604
711606
991608
881608
601608
41610
581610
591612
941616
651618
181620
121620
991620
841620
981624
381624
111624
971628
161628
761628
981630
481632
601632
991632
1632
821640
371640
941640
221640
391644
171648
801648
181650
631650
391650
131652
361656
61656
481656
391656
321660
501672
741672
321672
971676
341676
851676
501678
71680
271680
151680
911682
651684
511686
71688
821688
741690
711690
861690
881692
961692
701694
681696
81696
261696
971696
591696
391698
191700
591700
161700
921700
891702
331704
451704
101706
151710
31710
91710
631710
641712
201712
671712
341712
441714
331716
91716
71718
51720
831720
921720
771720
141720
371720
531720
931722
401724
911724
941724
831726
901728
721728
511728
791728
181728
91728
851730
1734
511734
611736
311740
271740
651744
411744
461748
761748
671748
651750
381750
771750
691752
661752
901752
631752
21756
921756
591756
231756
261756
421758
611760
701760
71760
881760
41760
791760
341760
821760
21762
931764
721764
771764
941766
411768
21768
841770
331770
471772
811776
821778
501780
711780
21780
591780
971784
701784
581784
41784
881784
621786
211788
541788
251790
401790
681792
701796
201796
521796
531800
901800
711800
291800
661800
541800
61800
91800
841800
451806
631806
641808
871808
851808
821808
291810
211812
131814
401814
311814
191814
261816
141816
851816
11820
101820
851820
701820
161820
771822
201822
141822
121824
601824
371826
11826
81828
51828
601830
181830
971832
251832
851832
451836
611838
671840
161844
101844
441848
941850
521850
851850
381852
421854
371856
311856
971856
321860
241860
421860
101862
141864
81864
831864
671868
311868
51870
921870
81870
771870
591870
901872
331872
541872
551874
351876
981876
441876
701880
761880
221880
131880
551880
511880
21882
81882
681882
301884
331884
241884
171888
531888
481890
631890
901890
31890
411894
501894
511896
681900
511902
271908
751908
641910
51912
261912
111912
651912
971916
41916
301920
991920
801920
1920
181920
451920
91920
791928
281928
431928
801930
141930
21930
351930
661932
271932
941934
521940
821940
671940
321942
121944
511944
961944
481944
971946
791946
891948
781950
161952
281952
981952
881952
871956
921960
771960
51960
171960
651960
321960
711960
981960
141966
951966
251970
581970
811972
171972
961974
151974
701976
521976
581976
341976
641976
881976
651978
201978
501978
181980
271980
791982
41982
461988
1992
121992
151992
721992
271992
261996
471996
661998
841998
132000
102000
642000
742000
732000
572000
672000
432000
912000
862002
172004
392004
902004
732006
552006
492006
682008
262008
662010
12012
482016
662016
252016
32016
862020
562020
592020
272022
812022
42024
762024
402024
122028
662028
762030
172032
742032
562032
532032
292032
522032
732036
542040
452040
392040
572040
692040
512040
602040
342040
422040
252042
122046
882048
132048
342048
12048
142050
332052
532056
332058
372060
82062
32064
582064
662064
652068
932070
812070
552072
72072
942072
432072
162072
682074
692076
682080
352080
22080
122080
142080
942080
562080
42084
942084
582084
562086
362088
32088
792090
922092
142092
62094
992096
972096
492096
362100
982104
922104
382104
592104
232104
622104
142104
222108
672108
882108
952110
82110
802110
332112
572112
312114
102114
52116
172116
822120
642120
12120
512120
402120
162120
522120
672120
162126
492128
472128
202128
902130
872130
342132
272136
782136
932136
902136
522138
742140
142140
412140
722142
32142
242142
582144
462144
42144
342144
862144
912144
882144
862146
812148
402150
552150
312150
862152
382152
492156
922158
682158
442158
92160
542160
342160
902160
482160
962160
942162
122164
692166
732168
102168
282168
912168
462168
842172
182172
942174
492174
342174
652176
862176
622176
682176
662178
252180
672180
532180
572180
412182
542184
542190
42192
912192
522192
832194
922194
182196
692196
482196
112200
52200
502200
412200
472200
742200
592200
802200
352200
812208
132210
72210
202212
82212
762216
822216
732216
492216
832216
342216
162216
282216
102216
252216
772218
52218
872220
992220
642222
322224
182224
802224
662226
302226
342228
162228
272232
362232
632232
62232
962232
302232
2232
82236
712236
922236
12240
552240
812240
582240
822246
142248
382248
862248
452250
722250
692250
532252
482256
132258
202260
292260
352260
982260
682260
312264
852264
102264
602268
642270
12270
942270
132270
712272
322272
262272
32274
282276
52278
482280
452280
32280
812280
982280
852280
802284
442284
152286
32286
912288
162288
382290
982290
322290
602292
292292
672294
652296
262296
142302
652302
262304
182304
912304
422304
122304
882306
612306
292308
22308
172308
482310
632310
132312
42312
832314
232314
302316
512316
92316
952320
562320
292320
392322
802326
362328
312330
282330
582330
252330
682332
72336
662340
392340
2340
62340
132342
342342
172344
442344
862344
802344
502344
322344
302346
842346
162348
522348
742350
772350
112350
722352
602352
392352
182352
242352
852360
152360
2360
732360
822360
102360
582360
192360
292362
142362
822366
202368
932370
242370
582372
52374
902376
212376
682380
52380
912380
242382
572382
422382
272382
972384
552384
72384
612384
822384
652386
882390
552390
792390
72390
642390
772392
782394
582396
312396
502398
122400
192400
182400
582400
272400
92400
452400
942400
852402
372402
342408
12408
402408
132408
702408
72408
972414
692418
312420
672420
892422
242424
452424
692424
182424
862428
652428
112428
82428
392430
722430
872430
492432
222432
822432
542432
102432
322434
952434
332436
192438
472440
352440
892440
652440
532440
922440
622440
332442
402444
762444
72444
142446
952448
212448
362448
42448
692448
102450
142452
272454
332454
12456
482460
252462
622464
292464
982464
682464
402468
712470
22470
982470
682470
422472
782472
92472
372474
462474
102480
312480
522480
982480
402480
492480
972480
832482
2484
902484
182484
642486
442488
972488
532488
562488
82488
662490
72492
552492
982494
32496
222498
112500
472500
252504
342504
592506
652506
122508
942510
222510
852510
892512
742512
802512
572514
2514
932514
22518
562518
952518
682518
832518
332520
212520
102522
832524
202524
652524
752528
132528
462528
592530
482532
42532
192534
942534
772536
952536
892536
992538
902538
492540
732540
582540
512540
122540
652542
442542
962544
572544
272544
162546
362550
902550
542550
402552
822552
132552
172554
232554
652554
52554
122556
222558
462558
882558
742560
182560
442560
622560
812562
222564
882564
72564
502566
152568
162570
392574
452574
192576
92576
612576
552576
352576
922578
112584
832584
142584
82584
22584
892584
252588
852588
652590
942592
602592
842592
302592
212592
312592
872592
512596
442596
152598
332598
572600
492600
82600
132600
282600
622602
232602
762606
322608
652608
862608
982608
592608
392610
662610
92610
542610
272616
632616
542616
842616
62616
242616
262620
922620
992622
602622
692622
262626
382626
292626
782628
252630
982632
302634
432636
112638
152640
122640
362640
432642
642642
362646
212646
342648
372648
312648
22650
652652
202656
922656
532656
102660
662664
632664
2664
172668
962668
412668
152670
942672
42672
492672
312672
472674
352674
652680
472680
892680
742680
232680
412680
382680
152684
322686
722688
122688
492688
702688
972690
522690
342690
552690
862692
172692
832692
622692
302694
852696
702696
972696
462696
832698
562698
392700
852702
162702
22704
682704
662706
72708
722708
742710
2712
962712
302718
372720
972720
452720
342720
762720
902724
892724
862728
82728
22734
652736
932736
742740
592740
412740
472740
802740
772740
502740
552744
462744
72744
392748
42750
582750
492750
922752
402756
792756
822756
72756
272760
542760
692760
182760
872760
752760
572760
642768
622776
682776
202776
502776
412776
442776
352776
402780
872784
672784
902784
702786
742788
292788
202788
902790
722790
132792
152796
32796
762798
42798
72800
702800
382800
232800
722800
392802
262806
572808
272808
462810
282810
502812
292812
122814
522816
452820
792820
542820
62820
492822
652824
712824
902826
392826
702828
582828
502830
352830
622830
812832
992832
222834
672834
982840
762840
22848
892848
212850
662850
822852
362856
302856
662856
282856
822858
592860
532860
352860
392862
792864
472864
862866
662868
612870
82872
52872
982872
332874
552876
172880
782880
792880
362880
752880
542880
632880
452880
662880
882882
652884
552888
22890
982890
122892
222894
322896
412896
632898
842898
872900
792900
412902
772902
302904
422904
722904
82908
172908
22908
332910
872910
92910
942912
642912
342912
92916
62916
362916
462918
682920
182920
22920
132920
82920
462920
52920
352926
732928
752928
392928
832932
52932
712932
772932
102936
912936
582936
892938
782940
182940
42942
102942
412944
592944
292944
502944
62946
612948
502950
922950
802950
232956
712956
972960
342960
612960
232960
192960
12960
442962
112968
752970
992970
402972
272976
842976
802980
262980
962982
2982
782982
862988
182988
962988
582988
972990
162990
912990
132990
292992
302992
972992
432996
912996
393000
473000
63000
33000
423000
993000
433000
543000
43000
223000
93000
833000
583002
53004
303006
643008
283008
563008
393008
623010
263010
273012
553014
583014
283014
193014
383016
443016
83016
893016
433020
203022
423024
393024
573024
783024
703026
833028
183030
543030
933030
373032
313032
673032
133032
713034
413034
343038
683040
203040
563040
573040
863040
293040
623040
183042
523044
263052
533052
323052
713052
903054
513054
583056
13056
903056
943056
233058
963060
373062
353064
803064
83064
563064
713064
863064
483066
613068
433068
733068
833070
773070
83070
153072
933072
333072
303072
893076
263076
153080
403080
223080
643080
853080
613080
873080
463080
383082
653088
743088
613088
123090
633090
153090
963090
223092
183092
113094
843096
163100
233100
753102
843102
243102
973104
293104
993104
233106
743106
423108
583110
203112
573114
823116
73116
913116
723120
243120
663120
693120
153120
933120
513120
843120
793122
113124
443124
363126
633126
283128
933128
443130
233130
713130
413130
573132
673134
823134
533136
413136
353136
293136
403140
23142
963144
293148
83148
423150
633150
213150
973152
733152
553152
853152
513156
243156
443156
93156
43158
203160
533160
143160
623160
713160
113160
293160
173160
433160
933168
493168
753168
763168
643170
823170
83172
953172
883176
823176
763176
243180
943182
853182
353184
453184
433188
73188
493188
193188
623190
153192
723192
963198
223200
923202
903204
283206
523206
683208
713214
93216
363216
883218
173220
473220
503220
203220
873222
963228
583230
623232
563232
273234
803236
113238
933240
843240
423240
543240
73240
663240
823242
703242
413244
483246
213246
133248
433248
103248
263250
293250
113250
453252
873252
853254
223254
593256
213258
463260
503262
483264
693264
783264
633264
143268
363270
543270
423270
3270
93270
993270
313272
893274
533280
473280
323280
683280
623280
503280
593280
483282
303282
63282
193284
803286
533286
923286
183288
243288
433290
733290
313290
553290
563292
443292
853296
103296
443300
333300
213300
513300
273300
923304
893304
23304
233304
163308
583308
853308
913308
743310
863310
53310
143310
33312
873312
813312
153312
393312
763320
383320
463320
403320
233320
823320
193320
683322
23324
233324
513324
53328
983328
863328
143332
853332
43332
623334
83334
303336
753336
563340
443340
713340
203340
623340
963342
603342
243342
613344
343344
943344
913344
553350
823350
283350
643350
163350
13350
53352
893352
423354
343356
883356
623358
363360
813360
543360
573360
293364
3366
363366
253368
493368
853368
443370
803370
743370
863370
753372
493374
803376
563376
973380
933380
573384
783390
623394
173394
653394
993396
363396
223398
323400
923400
593400
833400
293400
243402
433404
503406
203406
3408
213408
993408
183408
933408
283410
733410
943410
563412
193416
613416
303420
663420
983424
53424
803424
263424
483426
653430
263430
473430
3432
723432
333432
183432
33432
423432
543432
933436
713436
93438
973440
373440
163440
193440
613440
403440
833448
443448
533448
203448
653448
773448
333450
993450
123450
733452
113454
923454
43456
543456
963456
913458
443460
173460
563460
573462
603462
163464
493464
53466
853468
253470
533472
653472
293472
773472
953472
573474
433476
973476
223476
763476
193476
763480
273480
773480
473480
513480
193480
603480
723480
573480
473484
33486
213486
873486
833490
293490
123492
293496
133500
473502
633504
43506
893508
833508
303510
73512
763512
103512
493512
913512
593514
153516
963516
223518
353520
983520
713520
503520
753522
13524
463524
923524
723528
843528
183528
873528
343530
973530
643530
533532
963534
943536
133536
343536
833538
533538
713538
633540
483540
243540
323544
923544
253548
473550
683550
393552
853552
273552
783552
553554
13554
183558
463560
13560
563560
613560
283560
433560
973560
73560
653560
713560
133560
793560
653562
933564
3564
953568
413568
823572
153576
43578
623580
23580
503580
393584
583584
803584
803586
903588
513588
573588
163590
703590
373590
173592
13596
433596
673596
563598
803598
573600
933600
963600
73602
373602
753606
793608
673608
823608
383610
353610
533610
403614
283614
803616
413616
273618
823620
493620
403620
303624
543624
683628
503628
603630
753630
463632
223632
373632
233634
683634
543636
863640
293640
953640
173640
773640
693644
973644
943644
383646
743646
613648
393648
243648
573648
543648
253650
523650
313650
623652
443652
553656
103656
193656
63660
583660
73660
303660
73662
983664
103668
763668
943668
973668
623670
893670
233670
513672
883674
143676
3678
583680
183680
883680
393690
373692
223692
203694
153696
913696
913698
423700
213702
313704
773706
963708
313710
173712
483714
673716
373716
753720
213720
773720
423720
253728
763728
133728
973728
623730
183732
963732
813732
73734
613734
643734
293736
593736
983736
873738
853740
933744
513744
693744
873744
253746
353748
783750
303750
123750
943752
43752
733752
643752
283752
493752
843752
53754
483756
303756
853758
43758
983760
293760
383760
643760
53760
303760
893760
233760
323760
533766
963768
753768
893772
3774
693774
733776
703776
793776
233776
933780
33780
543780
723780
213780
343782
103782
83784
323784
373788
533790
883792
993792
73794
633798
453798
313800
523800
853800
583800
733800
13800
53802
783804
533808
173808
563808
693812
973812
873816
663816
603816
303816
883820
503820
873822
63822
613824
253824
403824
913824
293826
893826
63828
543828
93828
703830
313830
493830
113832
723834
933834
993834
73836
363840
103840
303840
843840
773840
863840
693840
533844
383844
643848
913848
563850
143850
933852
533856
503860
343860
263862
773862
983862
843864
333864
813864
733866
323868
203868
753870
33870
963870
613872
163872
903872
553872
283872
3876
843876
283878
233880
533880
283884
823884
683886
273888
163890
883890
473892
193896
363900
843900
753900
13902
173904
533904
3906
453906
343908
923910
953910
963912
333912
903912
513912
813912
873912
243912
433916
213918
693918
243918
913920
523920
313920
703920
163920
103920
403920
553920
383922
483924
763926
323928
983928
803928
783930
843930
243936
183936
423936
513936
93942
183942
223944
973944
943944
323946
783948
393948
943950
163950
263952
103956
953958
323958
783960
273960
633960
123960
543960
33960
113960
423960
363960
213960
883962
313962
73962
283962
323964
663966
193968
913968
793968
383970
173970
53970
43974
773976
413976
73980
613980
43980
683982
303984
753984
453984
273984
553986
173988
163992
133992
493992
343992
653994
783996
303996
73998
294000
954000
714000
594000
934002
884004
424008
124008
994008
254010
404010
924012
724014
704016
794016
554016
424020
554022
464022
14022
954024
174024
624024
864024
644028
314028
714030
724032
904032
344036
414036
894036
204036
584040
434040
944040
264042
94044
614048
514050
694050
734052
84054
784056
634056
154056
394056
694056
974058
594060
774060
664062
244062
964062
584064
374064
404064
74064
674064
894066
994068
644070
324072
654072
54072
534072
754072
974072
944076
144078
274080
514080
24080
944082
404082
354084
864084
504084
994086
734088
694092
84096
184096
474096
564096
694098
634098
904098
274098
644100
224100
14100
614100
344100
554100
94104
434106
704106
204108
734112
774114
274116
844116
4116
334116
434118
264120
594120
214120
404120
174120
894120
324120
834120
984126
924126
804126
94128
784128
444132
904134
944136
494136
584136
614136
344136
924138
574140
244140
934140
824142
864144
94146
14148
734148
804150
124152
214152
744156
324156
14160
454160
874160
44160
854160
104160
344160
494160
194160
294162
54162
624162
934164
454164
44166
954168
924168
744168
714168
504168
34176
574176
424176
194178
524178
974178
144180
904182
194184
794184
674184
914184
694188
904188
314188
14190
804192
924192
324192
24192
934192
714192
454194
854196
794196
534198
594198
574200
724200
394200
604200
694200
994200
944202
104202
684204
354204
494208
114210
234210
424212
254214
414216
804216
84216
64218
544218
224220
164220
354222
4224
924228
664230
814230
754230
854232
404232
344232
234240
564240
684240
214242
424242
634242
914244
924246
724248
454248
754248
544248
514248
124248
224250
134250
614250
104250
924252
564256
944256
74256
854256
984258
304260
274260
314262
834264
384264
894264
864264
954264
174270
634272
274272
794274
14280
664280
284280
524280
44280
794280
854280
324282
834282
104286
684288
114288
984288
594288
944288
4290
634290
74292
764292
974292
214296
64296
274296
44298
404300
474300
354300
484302
794304
444304
614304
104304
34308
134310
204312
834312
474312
924312
534312
64314
754320
14320
334320
124320
444320
14322
854322
954324
114324
674328
744330
384330
404334
864336
954336
144336
844338
254340
794340
94344
554346
764346
594348
784350
4350
904350
554352
164352
474354
994356
364356
94356
664356
654360
444360
534360
294360
624360
984360
174360
634362
514362
574362
94368
784368
304368
634368
454368
674370
344370
974370
564372
444372
904376
704376
474376
444378
454380
4380
324380
634380
304380
74382
324384
714384
264384
754386
24388
674388
264390
684390
504390
144390
994392
564396
984396
834400
104400
194400
274400
974400
864402
144408
324408
114408
174408
664410
724410
454410
184416
694416
664416
854418
384420
714420
854420
84420
654420
944424
284424
344424
564426
424428
384432
754432
354432
744432
774438
574440
274440
604440
754440
244440
874440
394440
554442
444444
74448
614448
314448
944448
444450
354450
694452
964452
414456
684456
894456
264456
314460
404460
344460
924462
604464
414468
874468
244470
664470
484470
554472
74472
14472
434472
494472
924474
244476
874476
824478
774480
594480
464480
414480
194480
744480
614480
54480
334482
684486
784488
124488
804492
784494
584496
484500
364500
934500
34500
834504
224508
414510
264510
654510
244512
424512
474516
994518
154518
814518
614520
734520
404520
134520
224520
354522
144522
894522
94524
964524
664524
274524
344526
654528
534528
544530
604530
504532
844536
934536
414540
144540
694542
754542
394542
304542
404544
884544
284544
764544
154548
334548
344550
404550
314550
354552
874552
24556
164556
514556
634560
844560
604560
154560
534564
84564
344568
864570
144570
594570
924576
674576
724578
184578
214578
474580
434580
364584
214584
424584
614586
804588
874590
634590
994590
734592
764592
494592
504594
64596
664596
344598
14598
54600
824600
204600
444600
234600
364602
394604
324604
294606
384606
544608
214608
344610
794610
54612
144612
664614
574614
914616
284616
554616
64620
354620
634620
764622
164622
444624
984624
294624
94626
244626
724626
914628
854628
84630
924630
414630
394632
934632
874632
434640
194640
564642
604644
134646
144648
594648
994650
874650
724650
984654
174654
214656
514656
754656
884660
184660
744660
474660
674664
464664
914664
524664
864666
934668
264672
14676
734676
74676
904680
394680
304680
934680
344680
964680
484680
154686
164688
394688
174690
104692
884694
864696
504696
954696
484698
994698
434700
704700
964700
894702
54704
694704
594704
484704
14706
94710
154710
44712
704712
34716
464716
524718
964720
384720
174720
924720
54720
554720
974720
754722
454728
184728
214728
244728
424728
694728
994728
74730
834732
644736
404736
414738
274740
124740
64740
964740
384744
514746
634746
494748
374748
654750
414750
954750
114750
794754
684756
504756
834756
844758
664758
224760
74760
464760
914760
854760
974760
44760
434760
834762
974766
824768
234768
684768
604770
464772
904776
454776
144780
414780
654780
604782
784782
224784
434784
284784
734784
274788
4788
914788
24792
324792
834792
864792
544794
394794
524796
334796
624798
4800
464800
584802
734802
744804
454806
494808
504810
774810
114810
524814
744816
24816
684816
974820
344820
744822
84822
124824
934824
484824
904824
264828
204828
964830
134832
584832
194832
954834
934836
524838
84840
864840
264840
984840
534840
4842
784842
764844
144846
454848
814848
694848
274848
704850
734850
884850
334852
184854
904854
304854
284856
674856
124860
584862
214864
744864
604864
894864
474864
994866
664866
34866
404868
614868
864870
564870
834870
634872
244872
274876
594876
624876
674880
14880
734880
404880
554880
794880
84882
754884
954884
974886
984888
654888
174888
744888
814890
604890
94890
534894
144894
784896
844896
724896
484896
914898
654900
234900
704900
664900
104904
34908
854910
114912
594912
674912
214914
314916
524916
794916
844920
154920
574920
274920
14922
364924
864924
64926
824928
664928
204930
904932
634932
124936
474936
624936
234936
574938
424938
704940
994944
424944
634950
994950
784950
284952
884952
474954
264954
604956
634956
614958
834960
894960
904960
324960
94962
394968
94968
844968
814968
104970
734970
14970
54972
64974
794976
64980
924980
154980
884982
164982
674982
474984
324984
174984
144984
544986
204988
44988
964992
304992
754992
14994
444996
135000
585000
705000
105000
765000
805002
455004
225008
535008
935008
145008
415008
785010
65010
95016
965016
125016
765018
805020
295020
615020
925020
365022
785022
465024
515028
645030
915030
865032
955032
445032
625032
155034
125034
415038
65040
845040
515040
875040
965040
705042
985044
825048
415050
855050
925050
425052
725052
635052
75054
505056
35058
395058
935060
375060
735060
875060
495060
825060
235062
475062
515064
665064
965064
995064
825066
985068
535068
495068
605070
855072
525072
135072
255072
335076
695076
665076
125076
615078
755080
415080
745080
985080
995080
835080
955080
125082
895086
295086
855088
215088
495090
675090
855090
585090
505092
215094
105096
735096
855096
525096
865098
585102
195102
85104
745104
355104
585108
475110
155112
455112
275112
785112
305116
575118
455118
255120
945120
615120
195120
235122
705124
425124
315126
305130
905130
545130
955134
95136
815136
265140
785142
665142
885144
375144
685146
95148
5148
105150
85152
55152
915152
865152
595152
415152
715152
155154
165156
655158
275160
365160
635160
305160
725160
575160
395160
185160
855162
865164
325164
335166
45168
805170
355170
605172
395172
335172
385176
85176
505176
625176
855180
285180
175182
225184
795184
445188
905190
915192
745194
985194
35196
865200
745200
535200
625200
755202
675204
995204
305208
965208
5208
65208
155208
525210
745212
225216
745218
85218
515220
485220
395220
665220
915222
415224
955224
205224
445224
355224
125226
975228
565230
715230
475230
775230
505230
785232
245232
335232
755232
455238
555240
795240
435240
495246
785248
265248
515250
755250
875250
5250
605250
705252
555252
685254
575256
595260
775260
195264
835264
435270
615270
235272
595272
475272
245274
325278
995280
365280
835280
385280
95280
125280
425280
525282
985284
855288
505290
285292
635292
735294
315294
135294
955296
595296
565296
505300
15300
555300
795300
115302
265302
965304
335304
155304
565308
845310
465312
445320
85320
815320
625320
425320
235320
35320
635328
35328
865332
835332
495336
405336
765336
455340
735342
855342
565344
205344
685344
355344
635346
545346
265350
5352
125352
65352
285354
265356
895356
195360
585360
75360
495360
675360
555360
945360
735360
375366
135366
985368
685368
925372
525372
895374
475376
125376
305376
795378
25380
895380
775380
795380
915384
765384
675384
285384
825384
705384
395388
675388
455388
515388
15390
605394
275394
585396
25396
295398
875400
995400
635400
665400
365400
5400
845400
215400
645400
885402
105402
75402
745404
245406
835408
315408
745410
175410
85410
475410
425412
755412
875412
655416
235416
635418
915420
405420
435420
875424
995424
525426
785428
985428
575430
645432
975432
65436
85440
115440
715440
395442
125442
35442
525444
155448
185448
425448
5448
275448
95448
975450
595452
295452
265452
305454
765456
845460
455460
305460
95460
545460
755460
315462
795462
415464
445464
625464
895464
315474
915474
875478
665478
845478
895480
525480
375480
165480
25488
725490
615492
345492
375492
995496
125496
95496
155496
575496
585498
885498
925500
775500
435500
175500
875502
435504
775504
765504
205506
95508
195510
625512
895512
125514
335514
635516
915516
715518
875520
245520
552
615528
765528
465528
195528
885528
985530
55536
625536
505536
795540
925542
565542
165546
955548
455550
255552
765552
815556
785556
945558
85560
145560
985560
895560
385560
295560
815562
175566
705570
375570
45570
225570
925572
555576
585576
235578
75582
745584
475584
825588
375588
595590
725592
545592
935592
515592
115596
635598
825600
145600
525600
165600
675600
995600
765600
175602
215604
795606
375606
165606
295608
145608
745608
565608
95610
135612
895614
945616
655620
685620
715620
965622
455622
635622
785622
165624
855624
765624
115626
625626
775626
75630
925632
755636
315636
145638
415638
995640
365640
455640
245640
305640
564
625644
815646
695646
465648
615648
975648
865650
55650
745650
325650
845652
355656
865656
805656
565656
825660
295662
475662
515664
265668
475668
45672
45678
285678
155680
855680
115680
925680
985680
595680
425682
185682
915684
805686
565686
575688
125688
995688
405690
975690
795690
635694
785694
895698
985698
95700
105700
875700
505704
865704
85708
45708
585708
865710
805710
845712
995712
755712
425712
85716
775716
605718
225720
35720
825720
525720
965720
435720
485720
135720
945720
445720
985722
725724
185724
885726
65728
325728
755730
155730
935730
885732
765732
175736
905736
5736
845736
815736
975738
525738
705744
75744
165744
215748
5748
465750
675750
385752
55752
115752
565752
895752
655752
625758
395760
555760
875760
545760
255762
925764
535764
605766
395766
645768
855768
825768
285774
355776
265776
715776
55776
865776
895776
5778
695778
135780
395780
815780
435780
315780
285780
745782
905784
575784
155790
605790
365790
995790
65790
575790
45792
75798
325800
565800
205800
925800
265800
415800
595800
865800
715800
295806
635808
875808
35808
995808
215808
275808
645810
945810
75810
405810
45810
135810
355812
815814
255816
45816
955818
745824
895824
755826
555828
345828
545832
395836
935838
405840
845844
405846
615846
585846
115848
415848
265848
605850
845850
395850
945852
175854
35856
965856
575856
585858
285858
855858
135858
835860
845862
195864
75864
765864
195870
285870
515872
985872
715872
365874
165876
465876
415878
905880
885880
515880
845880
635880
485880
275880
305880
735882
925884
265888
55888
595890
115890
535892
805896
25896
535896
225900
55902
125904
85904
865904
575904
775908
95910
335910
515910
795912
555912
465912
685916
165918
915918
295920
405920
445920
775920
185922
525924
125928
335928
395928
935928
485928
575928
545928
465930
675930
965934
705936
495936
985936
945936
975936
295938
55938
935940
485940
725940
695940
615942
375942
685944
175944
785946
945948
885948
745948
985950
355950
525952
305952
135954
155958
295960
495960
135960
735960
195960
435960
225960
455964
395964
735966
645966
405966
25968
355968
175968
785970
125970
605970
875976
395976
845976
525978
615978
45980
835980
205980
315980
535980
515982
165984
585984
925986
875988
315990
75990
555990
195990
585990
715992
875994
435996
645996
275996
895998
805998
996000
876000
126000
306000
906000
736002
806004
296004
846006
526008
916008
76014
196014
776016
956016
196020
46020
136020
286020
556020
526020
786024
156024
276024
636024
646026
446028
726030
736032
596032
496032
246036
586038
296040
106040
886040
116040
416040
746040
996042
826044
886044
986046
596046
326048
846048
736050
526050
196050
466050
916050
106050
536052
506052
836052
646056
736056
826056
656058
716058
606060
466060
996060
136062
656064
956064
786072
156072
636072
426072
576072
516072
676074
466074
626076
156078
826080
316080
956080
216080
436080
676080
456080
196080
706080
106080
876084
196086
46086
616088
566088
956088
276090
226092
166096
936096
976104
706104
36108
306108
666108
206108
286110
346110
746112
326112
16116
46116
656118
616120
666120
96120
966120
696120
116124
836124
426126
716130
536130
866130
696132
266136
166140
46140
716142
596142
86142
746142
66144
606144
966144
556146
606150
576150
376152
796152
196152
526152
346158
886158
56160
86160
836160
986160
876162
706164
406164
686166
626166
486168
516168
306168
496170
286170
536172
156174
726174
946176
336180
426180
966180
156180
576180
626184
896184
816186
466188
836190
86190
186192
936192
696192
136192
736194
56196
746196
526200
746200
346200
256200
406200
856200
976200
706200
566202
696204
666204
676206
586208
386208
786210
996216
106218
976218
206220
266220
746220
116220
576222
256224
46224
106224
406224
276228
806232
346236
616236
446238
636240
306240
566240
716244
206244
626244
836244
306246
196248
976248
136248
376248
166248
656250
416250
776250
356250
996252
946254
686256
636258
556260
406260
196260
166260
796260
636264
836264
606264
246264
236268
936270
586272
356272
976272
146272
556272
66276
556276
606276
976278
206280
956280
256280
716280
76280
926280
46290
706290
526290
766290
646296
746298
496300
146304
746304
406308
386310
896310
486312
456312
76314
586320
436320
116322
206322
506322
626328
926328
146328
516330
786330
566334
666336
486336
156336
406336
326340
26340
436340
956340
506340
176340
126342
676344
166344
406344
36348
696348
316350
86352
726354
306354
136356
836358
156360
816360
246360
456360
66360
876360
426360
546360
396360
196362
896364
146370
716370
996372
456372
556374
146376
966378
676380
406380
356382
326382
486384
216384
426384
516384
936384
396384
666384
866388
116388
386388
86388
36390
936390
306390
216390
436392
256392
6396
586398
796398
626400
506400
236400
756402
546402
66402
156408
186408
516408
576408
666408
306408
46410
76410
866412
856416
136416
316416
616416
576420
306420
36420
426420
246420
636420
826422
116424
236424
716424
136428
686430
596430
246432
936432
296436
916440
706440
166440
676440
556440
616440
296442
606444
966444
896448
236448
916448
576450
196452
576456
786456
446460
76464
946464
136464
676464
266466
36468
216468
156468
616470
26472
806472
336474
616476
926478
96480
306480
436480
716480
386484
516486
556488
926490
596490
856494
796494
66498
136500
196500
26502
686502
36504
246504
426504
336504
576504
536508
336510
796512
976512
36512
516516
306516
546516
476520
596520
536520
866520
296520
96522
166524
426528
846528
996528
366528
786528
636528
406530
856530
266532
896532
976536
196536
866538
666540
56544
326544
856548
466548
916548
436548
536550
56550
326550
806550
6552
36552
876552
456552
636552
486552
526554
656556
246558
766560
886560
586560
46560
706560
526560
536562
816564
746564
596568
206568
566568
806568
656568
906570
576570
146574
216576
206580
596580
386580
836580
296580
976580
426582
696582
276582
136584
76584
516588
186588
676590
526590
26592
146592
276594
336594
606600
366600
516600
846600
126600
526602
896604
66606
606606
616608
16608
376608
660
406608
86610
896610
866610
546612
86616
896616
776616
656616
296616
386616
26616
596616
176616
56620
286620
196620
676620
696624
606624
406626
236628
756630
696630
336630
936630
786630
226632
436632
16632
86632
46632
286632
406638
896640
946640
66642
516642
546642
246648
366648
846648
576648
796650
626652
146652
966654
376656
286656
466656
776658
236658
216660
716660
296660
546660
926664
266664
746664
896664
596664
716664
996666
366666
646668
976668
116670
386670
816672
726672
876672
106674
206676
466680
366680
16680
866680
6680
736680
256680
856680
526680
416682
96684
36684
406686
76686
376686
156688
116688
86688
766688
786688
926688
456690
206694
836694
636696
546696
846696
216696
616700
596706
246708
586710
886710
86712
26712
566712
116712
656712
746712
866712
756714
416718
696720
216720
546720
756720
366720
246720
786720
316722
346722
806724
596724
276724
206724
186726
946728
76728
296730
566730
646734
776736
356736
596736
616740
916740
566742
96744
366744
396744
166746
226746
896748
476748
986748
486750
516750
156750
526752
616752
296754
236754
126756
426756
676758
46758
116760
236760
596760
86760
206760
446760
776760
476760
686760
926760
66762
906762
346764
226764
376764
246768
166768
606768
646770
286770
606774
486774
766776
706776
946776
136776
26780
136780
586782
796782
356784
326784
56784
506784
906786
466788
896790
786792
126792
246792
36792
876792
736794
326796
836796
316800
956802
186804
596808
406812
796812
696816
776820
26820
736820
176820
366822
816822
966822
96822
6822
486822
376824
166824
156828
306828
466830
796830
6832
616836
286836
296838
956838
756840
276840
156840
956840
216840
246840
236840
606840
286842
386844
606844
356844
826848
196848
766848
256848
566850
836850
876852
46854
556854
946854
76854
496854
926856
776856
746856
626856
866856
416856
426860
76860
496860
806862
696864
366864
806868
986868
366870
916872
796872
946872
816876
876876
766880
746880
986880
836880
706884
296886
746886
906888
246888
276888
736890
886890
726894
686896
976896
926896
736896
466896
926898
96900
846900
566904
536904
386904
806904
446904
596904
296904
356904
756906
496908
926910
56910
416910
576912
606912
776916
146916
876918
556920
376920
976920
706920
76920
856920
826920
656920
686922
66924
946926
656928
686928
56928
756930
566930
666930
526932
626934
666936
436938
376938
836940
416940
566940
736944
986944
836948
736950
256950
956952
686952
776952
386958
26958
836958
316960
786960
216960
876960
636960
36960
756960
336960
306960
486960
546960
926964
146964
256968
76968
596970
656970
356972
426972
76972
936972
836976
716976
786978
106980
346980
386982
146982
506982
66984
6984
36984
706986
786990
336990
856992
916992
796992
376992
106992
446992
196992
996996
777000
767000
117000
27000
357000
567000
597000
297000
627000
417000
877002
367002
587004
247008
337008
637008
727008
887010
287010
227010
877014
467016
477018
457020
407022
967024
787024
807024
507024
777024
57024
847026
557028
177030
637032
757032
857032
737034
897036
337036
17040
77040
107040
157040
467040
547044
7044
667044
567048
447048
357048
477048
217050
517050
467052
717052
77056
217056
337056
727056
907056
987056
517056
197058
407058
237060
657060
987060
827064
257064
587064
797064
647064
247068
307068
337068
857070
707070
447072
177072
167076
347076
947076
537078
487080
867080
637080
457080
397080
217080
787080
647082
107082
477084
277086
317088
637092
107096
237096
207102
267102
607104
517104
637104
137106
477108
297108
127110
637110
457110
727110
287112
827112
57114
907116
887118
407120
447120
747120
137120
597120
157122
577122
877122
727122
887124
757128
217128
277128
187128
37128
577128
917130
507132
887136
87138
267138
517140
67140
197142
77142
327144
37146
307146
827148
167148
147150
987150
167152
847152
787158
377160
467160
227160
737160
647160
977160
617160
937164
157164
97164
467166
627168
577170
967170
847170
487172
337176
577176
877176
127176
917180
657180
167180
807180
117180
207180
67182
137184
257184
417186
837186
457188
917190
47190
827190
627192
267192
657192
147192
187194
967194
397194
837198
837200
547200
977200
277200
227200
697200
67200
897204
397206
47208
947208
377208
207210
247212
317212
817212
497214
717216
697216
867216
837216
597216
547218
227220
197220
977220
857220
287220
607224
697224
217224
457224
867228
627228
207228
967230
517230
547230
137232
497232
267232
407232
637236
737240
717240
267240
987240
387240
637242
127242
817242
267246
817248
227248
247248
77250
877254
397254
167256
67260
667260
647262
787266
247266
47268
707268
667268
147270
277272
907272
997272
637272
577272
517272
197274
507276
397278
967278
67278
227280
357280
357282
387282
787284
157284
797286
477288
507288
327288
177288
747288
807288
577290
647292
677292
467292
187296
247296
907296
327300
247302
287304
77304
707304
127308
197310
107310
227310
237312
927312
717312
57312
547316
127316
77316
607320
147324
27324
457326
707328
977328
827328
587328
657328
887328
177330
327330
37332
437332
607332
567336
687336
417336
27336
277340
267342
277344
647346
507348
117348
87348
527352
467352
557352
47352
107352
17352
917352
207354
377356
97356
167358
587358
837360
627360
527360
207360
777360
687360
537360
507360
567360
657360
217362
777364
437364
977364
777366
67368
937368
97368
137370
377370
357372
867372
857376
137376
147378
397380
67380
597380
937380
847380
167382
177384
27384
237384
607386
7392
77392
967392
607392
517392
137394
47400
407400
587400
827400
107400
567402
357408
457408
807408
607410
587412
937412
87414
757416
277416
577416
487416
247422
547422
697422
457422
837424
467424
787428
247428
917430
707430
117432
837432
447432
517434
67434
527436
977440
127440
247440
557440
947442
797448
827448
617448
707448
407448
297450
597450
537450
27450
747456
867456
597456
587460
327462
457464
487464
847470
877476
847476
137478
837480
267480
337482
827484
217488
257488
557490
197490
327492
947492
967494
947496
347496
387498
297500
357500
597504
917508
277508
617508
957510
537510
447510
57510
597510
117516
537516
337518
987520
767520
617520
317520
207522
117522
177528
417528
27528
587532
727536
277536
967536
447540
507540
567540
927540
957540
897540
487542
997542
817542
257544
17544
287544
377544
177546
57546
897546
637548
677550
887550
767550
737550
507552
387552
877552
547554
667554
47560
427560
7560
517560
277560
757560
847560
127560
247560
637560
947562
787566
637566
857568
917568
667568
707568
117570
27570
637572
287574
777576
577578
437580
687582
987582
457584
607584
437584
707586
627588
807588
907590
707592
977592
107592
727596
347598
427600
237600
117600
507600
367602
557604
67608
427608
497610
87612
807612
757614
117618
127620
277620
427620
787620
37620
587622
387624
227628
617628
357630
37632
447636
847638
827640
767640
297640
527640
197640
437640
107640
737640
797640
147642
317646
777648
977652
957656
937656
877656
487656
457656
217656
667660
987660
697662
817662
337662
737664
347664
467670
977670
597672
207672
267672
627672
997674
667680
637680
967680
697680
437682
917682
207684
377688
867690
597690
987690
697692
527694
687696
717696
867696
387696
847698
467700
377700
177702
837702
97704
427704
617706
117708
427710
217710
347712
777712
617712
207714
457716
107716
857718
747720
927720
47720
717720
327720
187722
757722
227724
527724
417726
747726
397728
157728
47728
757728
497730
107730
877734
977736
857736
317736
407736
437736
117738
397740
307740
247740
507740
707742
617742
927744
117744
427746
307746
167748
587748
107748
177750
187752
157752
967752
77756
147756
707756
637756
967758
667758
577758
257760
887760
287760
647760
167760
607760
747762
237762
777762
227766
177768
987768
417768
657768
747768
727770
497772
687774
307776
727776
547776
637776
827778
707778
897780
407780
117780
327780
587784
597786
967788
127788
917790
887790
587790
677790
757792
357792
267792
927792
917796
697800
97800
127800
857802
767802
657804
987804
157806
797808
297808
857808
327810
567810
727812
367812
347814
627816
657816
27816
417816
977820
947820
677820
137820
507822
657822
457824
217824
567828
147828
597828
27828
367830
727830
847830
647832
887832
687834
807834
597834
727836
997836
887838
987840
247840
77840
177840
937842
457842
987846
667848
127848
547848
327852
797856
377856
407856
557856
427860
337860
27860
327864
177870
447870
867870
307872
907872
267872
697872
507876
827880
347880
107880
377880
187880
257880
947880
87880
527880
207882
957882
457884
587886
557886
927888
357888
237888
987888
157890
7890
427890
307890
817890
627894
907896
247896
127896
197898
447900
117900
937902
647904
337904
577908
537912
717912
27916
507918
657918
687918
367920
277920
7920
67920
607920
787920
197922
207924
577926
667926
827928
107928
257928
587928
497928
797928
897930
777930
27930
667932
407932
47934
657936
557940
527940
137940
417942
297942
357942
997944
307944
537948
247950
197952
497952
717952
77952
417954
277956
587958
27960
877960
867960
177960
657960
297960
147960
527960
897960
847962
907962
397962
257964
37968
247968
367968
707970
347970
677976
707976
827976
467976
147978
27978
867978
427980
817986
617988
677988
947988
207990
397992
277992
817992
287994
467994
917994
687996
177996
127998
608000
828000
178002
658002
448002
908004
148008
28008
388008
758010
158010
998016
128016
468018
238020
118020
758022
698022
678024
228024
438024
48024
198024
598026
908028
618030
118032
838032
718032
988038
698040
908040
338040
8040
518040
848040
608040
428040
488040
768042
228042
738048
888048
198048
818048
778050
898050
628050
808050
598050
38052
678054
918054
958056
678060
348060
228060
238062
908064
148064
918072
768072
738072
888072
648072
398076
108078
748080
118080
628080
718080
688080
418080
928080
858084
258084
268086
518088
998088
548088
78090
528090
848092
688092
488094
228096
348096
958098
518100
18102
538104
568104
268104
88104
668106
788106
138108
968112
638112
528112
38112
928116
648116
488118
638118
918120
978120
78120
558120
68120
148122
88122
68124
448128
258128
688128
248130
458130
378132
178134
248136
578136
848136
128136
308136
378138
168138
918138
618138
628140
288144
438144
888144
738144
138144
918144
408144
618144
818148
618150
258150
228150
718152
838152
58152
8154
828156
818160
368160
68160
278160
148164
688170
118170
658170
808170
878172
758172
208176
98180
948180
28182
988182
788184
8184
428184
28188
568188
958188
448188
218190
458190
248190
258192
708192
798192
598194
868194
168196
38196
958200
778200
288204
38208
238212
688212
488214
368214
18216
948216
708216
238218
668220
918222
768222
898224
448224
708228
228228
978228
778230
118230
808230
668232
848232
308232
378234
838236
858240
238240
678240
738240
888240
198240
748244
178248
838248
448248
868248
58248
388248
988248
698250
578250
938250
338250
68250
978252
28252
648252
878256
218256
908256
428256
858258
208260
598260
988260
258264
918264
978264
688266
558270
768270
58272
988272
448272
608280
968280
38280
668280
518280
788280
728280
878280
438282
718284
508284
608286
108288
8288
78288
638288
948288
218292
918294
688296
118296
478296
778300
258300
868300
418302
148302
848304
788304
278304
448308
158310
78312
218316
998316
668316
528318
448320
898320
408320
838320
218322
758322
668322
648324
218328
318330
588330
18330
718332
458332
18336
988340
68340
18342
178344
928344
318348
558348
748350
208350
688350
658350
598350
458352
8352
488352
788352
818352
798354
888354
618354
928356
748356
848358
438360
648360
558360
828360
498360
768360
378360
158360
348360
468360
228366
718368
128370
368370
168372
138372
448374
88374
398376
968376
878376
278376
848376
168378
418380
508380
688380
338382
358384
258384
498384
708390
628392
838392
418392
428400
818400
508400
738402
338406
668406
828408
408408
108408
618408
908412
668412
958412
108416
508416
158418
698418
708420
168420
218420
748422
628422
688422
788424
488424
578424
138426
598428
838428
68430
668430
588432
188436
58436
958440
418440
118440
838440
808440
718440
478440
488442
518442
148446
358446
688446
278448
968448
788448
258450
828450
398454
698454
918456
948456
798456
468460
758460
278460
68460
878460
848460
798462
438462
48462
898464
538464
298464
58464
268464
708468
328468
418470
928470
958470
178470
548472
248472
78474
298476
238476
838476
708480
288480
618480
988480
648480
828480
228480
558480
528480
448482
508482
278484
638484
968484
328488
898488
748488
778488
598488
728490
188490
918492
678496
528498
148500
268500
418500
748500
398502
158502
198504
228504
558504
18504
358506
268506
768510
798510
48510
888510
478512
458514
138516
838516
428520
608520
828520
488520
458520
938520
968520
468522
218526
468528
198528
18528
458528
888528
738528
558528
628530
188532
938532
708534
58536
888540
428540
498540
938544
238544
588546
738546
448548
928548
578550
408552
288552
728552
458556
108556
468558
238560
118560
448560
348560
878560
508560
298560
598560
758562
518562
188562
488562
638568
518568
488568
468570
888576
388578
958578
118578
908580
728580
218580
668580
588582
78582
688584
478584
838584
778584
238588
618588
688590
328592
458592
158592
398592
278592
448596
848596
278598
968598
648600
768600
388600
918600
558600
618600
828600
838602
908604
278604
678606
258608
568608
178608
998608
658608
728610
308610
768612
738612
948612
698616
368616
278616
818616
518616
488616
408618
618618
438618
808620
988620
838620
348624
678624
508626
208626
518628
288630
778632
448632
338640
878640
548640
728640
668640
828640
158640
378642
798642
558642
838644
758646
408648
858648
418650
578652
108654
58656
628656
78660
828660
228660
88662
508662
338664
248664
608664
878664
38664
498666
278670
788670
308670
918672
258672
358674
728676
428676
738678
148680
988680
778680
328680
288680
498680
208680
638680
28680
98682
518688
368688
548688
498690
888692
488694
848694
768696
198696
378696
558696
108696
958698
868698
98700
818700
788700
408702
448704
858704
868704
578704
958704
688704
618708
628710
238710
838710
178710
908712
58716
958716
848718
428718
168720
18720
538720
108720
468720
158720
48720
978720
328722
208722
238728
178728
148728
778728
158730
848730
278730
398736
428736
248736
138738
778740
268740
348744
408744
708744
998748
818748
498750
798750
438750
658752
878752
748752
648752
898752
98754
378756
928758
728760
38760
578760
128760
698760
8760
158760
338760
108762
498762
28764
118764
238764
638766
258768
348768
438768
198768
328770
478770
988770
178770
98772
808776
148776
568776
248778
18780
248780
948780
808780
48780
838782
218784
338784
238784
458784
708786
828786
288786
198786
648788
938790
698790
318792
108792
798792
958794
808794
828798
298800
538800
598800
928800
18800
738804
168804
988806
268806
128808
218808
408810
78810
758814
158814
78816
48816
528816
948816
438816
898820
608820
318822
78822
478824
898824
78828
318828
358830
68832
758832
878832
318834
238836
598840
618840
168840
858840
588840
658840
18840
288840
8844
358848
578850
98850
368850
68850
998850
818850
568854
818856
398856
668856
598860
298860
538860
848862
638862
378864
48864
588868
788868
888870
498870
438870
918870
868872
298872
238872
368874
38880
278880
818880
68880
938880
408882
798888
768888
898890
968892
938898
368898
78900
628900
8904
608904
908904
98904
288906
858906
788910
968910
728910
938910
668910
248910
198912
918912
898912
168912
438912
628914
398916
288918
898920
478920
178920
808920
298920
868920
838920
448920
238920
848920
88920
508920
678920
718920
668922
698922
968922
798924
58926
968928
428928
128928
368928
848928
708930
618930
738936
858936
588936
798936
608940
338940
988944
868944
958944
898950
418950
358950
778950
968952
308952
98952
128952
958956
228956
88956
908958
788958
18960
78960
138960
168960
88962
598962
208962
788964
548964
108966
88968
388968
178968
798972
18972
438976
98976
968976
158976
758976
978978
58980
508980
278982
258984
438984
728988
858990
258990
178992
918996
598998
489000
679000
819000
729000
79000
369000
69000
279000
699000
199002
449004
689004
489006
869008
19008
919008
479010
39012
859020
909020
29022
69024
549024
649026
519030
739032
289032
469032
349032
529032
179032
929034
439038
299040
509040
699042
909048
99048
519048
799050
689052
29052
929052
639054
139056
859056
169056
39060
69060
789060
49062
29064
389064
869064
779064
569064
769068
979068
689070
539070
29070
519072
429072
849072
399072
569076
269076
279076
929076
829080
619080
199080
499080
919080
169080
949080
679080
179082
929082
659088
599088
389088
99090
399090
459090
789090
529092
909096
99096
469098
969102
409104
29106
289110
19110
379110
439110
469110
979110
649110
629112
959112
529116
789120
609120
999120
9120
569124
19128
829128
289128
859128
109134
509136
479136
329136
69138
459138
189140
889140
979140
559140
39144
979146
959148
99150
969150
609150
999150
759150
649152
319152
739152
199152
629154
219156
949158
419160
539160
59160
569160
459160
799160
729162
439164
409164
729168
399168
129168
669168
79170
559170
199170
49170
529170
629172
559176
589176
519176
719180
309180
339180
579180
709182
149184
299184
919188
89190
29190
129192
909192
189192
79194
439194
959196
319200
619200
979200
799200
959202
869202
779202
599208
719208
269208
779208
299208
539208
479208
279210
589212
949212
359214
489216
409220
469224
829224
199224
769224
799224
229224
569226
599228
309228
859230
589230
229230
529230
379230
389232
239232
59232
649236
49236
379236
419238
149240
219240
699240
879240
639240
19248
409248
359250
869250
779250
739254
809256
389256
269256
939260
29262
569262
59262
429264
519264
369264
389268
129270
39270
379272
199272
79272
779274
659274
19278
859278
469280
359280
839280
119280
479280
629280
9282
39282
829284
419286
789288
849288
199290
169290
809292
829296
399296
609300
669300
739302
299304
479304
239304
749304
489306
199308
329310
719310
559312
849312
99312
139314
309316
589320
749320
359320
109320
919320
889320
259320
49320
329322
879324
509328
749328
179328
959328
609330
519330
429330
829332
229332
649332
899334
299334
9336
129336
939336
379338
359340
329340
489342
919344
79344
359346
189348
889350
349350
949350
929352
809352
419352
639354
559356
479358
239358
39360
249360
519360
29360
549360
89364
769368
559368
119370
29370
689370
159372
969372
249372
569376
959376
179376
9378
19380
679380
589380
659382
339384
699384
189384
919386
199386
139386
689388
809388
869388
279390
189390
669390
199392
379392
289392
249396
309396
339396
739398
439398
559398
869400
989400
359400
789402
159402
969402
729402
859404
929406
519408
489408
459408
969408
579408
189408
29412
979412
239412
929412
369414
159414
679416
529416
619416
709420
859422
79422
329424
299424
809424
249426
679428
589428
889428
299430
89430
59430
189432
399432
909432
879432
9436
59436
359436
69440
19440
239442
659442
389448
569448
419448
239448
209448
689448
89448
819456
759456
519456
49458
9462
79464
499464
739464
109464
659466
509466
819468
709470
619470
29472
389472
119472
959476
569478
219480
549480
9480
729480
449480
109480
309480
669480
909480
49482
889488
779490
809490
329490
609492
919492
129492
929496
299496
149496
209500
229500
479504
69504
609504
419508
509508
199512
439512
709512
229512
589512
799512
359514
229516
399516
509520
589520
459520
429520
179520
239520
219522
939522
669522
369522
549522
489522
349524
489524
939528
309528
199530
919530
389532
789534
859536
129540
219540
209544
559548
209550
389550
759552
339552
939552
49554
809556
399558
999558
459558
539560
49560
469560
609560
79560
199560
19560
769560
229560
349560
109560
499560
919560
989562
569562
939564
369564
829566
559566
59568
449568
29568
919576
39576
429576
439578
239580
689580
719580
879582
729582
219584
79584
519588
699588
9588
959592
59592
149592
689592
869592
419592
299592
549594
789594
919596
309596
909600
819600
49600
489600
919604
659604
249606
379608
709608
589608
89610
179610
969612
619612
549612
59612
179616
989616
869616
959616
619620
949620
319620
419622
729624
909624
969624
979626
599628
639630
279630
409632
479632
589632
529632
919632
629640
539640
119640
449640
29640
749640
809640
699642
249642
39648
999648
499648
529650
349650
19650
139650
379650
239652
689652
849654
559656
409656
859656
619656
769656
49656
849660
729660
469662
809664
359664
29664
279666
889668
966
599670
449670
639672
39672
279672
849672
399672
489672
909672
669672
289674
419676
529676
519678
49680
19680
539682
749682
9684
739686
979686
359688
989688
479688
269688
299688
779688
59688
39690
939690
979692
49692
999696
489696
669696
609696
129696
169698
649698
239700
979704
259704
469704
519708
9708
199710
109710
709710
719712
209712
389712
959712
279714
109716
259716
879720
699720
639720
369720
999720
339720
189720
279720
549726
469728
539730
509736
839736
119736
439740
679740
789740
299744
939744
669744
849744
949746
629748
129750
339750
519750
889752
419754
749754
559758
209760
869760
89760
839760
389760
29760
419760
369762
489762
199764
49764
899766
989766
699768
609768
369768
429768
289770
559770
29772
239772
549774
559776
239778
249780
189780
309780
429780
759780
999780
519780
809784
879786
739788
289788
729792
129792
909792
469794
809796
649796
429798
39798
619800
889800
469800
699804
219804
249804
329808
599808
149808
709808
569808
819810
849810
469812
539814
879816
159816
789816
459816
759816
639816
279816
919824
59826
69828
459828
139830
619830
89832
509832
869832
749832
829836
99840
39840
729840
189840
819840
669840
519840
289840
79842
439842
909846
669846
159846
229848
289848
799848
379848
599850
889850
39852
9852
669852
19852
139854
379854
29856
989856
359856
219856
319860
979860
419860
839862
399864
489864
249864
19866
529866
49868
779868
849870
39870
19872
299874
849876
309876
929880
179880
479880
569880
719880
959880
779880
509880
89886
779886
309888
169890
779892
999894
729894
159900
709900
799902
959904
359904
809904
309904
919908
419910
249912
909912
549918
739920
619920
109920
969920
829920
339920
799920
129924
79926
29928
509928
569928
619932
679932
579936
899940
89940
239940
399942
649944
109944
969948
529950
859950
979950
49950
229950
649950
749952
329952
599952
179952
149952
319956
529956
589956
179956
969960
729960
339960
69960
609960
309960
429960
649962
239964
779964
789966
689970
859974
869976
209976
239976
879978
369978
159978
169980
459980
529980
589980
629982
459984
759984
909984
389988
549990
129990
399990
879990
39990
709992
259992
139992
769992
959994
459996
