2000010
2000160
2000184
2000268
2000348
2000380
2000502
2000598
2000628
2000680
2000730
2000760
2000922
2000934
2000946
2000964
2001006
2001024
2001192
2001240
2001288
2001480
2001492
2001510
2001528
2001672
2001720
2001756
2001840
2002104
2002176
2002392
2002440
2002584
2002662
2002752
2003070
2003120
2003148
2003160
2003226
2003260
2003628
2003922
2003932
2003964
2004030
2004078
2004162
2004264
2004768
2005020
2005272
2005308
2005344
2005350
2005470
2005500
2005556
2005620
2005644
2005986
2006060
2006256
2006336
2006472
2006604
2006634
2006760
2007024
2007198
2007232
2007264
2007270
2007648
2007666
2007672
2007696
2007780
2008224
2008320
2008494
2008602
2008692
2008800
2008908
2008998
2009080
2009196
2009448
2009520
2009532
2009646
2009664
2009730
2009748
2009826
2009832
2009868
2009946
2009982
2010108
2010216
2010312
2010360
2010756
2010786
2010834
2010924
2011086
2011278
2011296
2011440
2011632
2011710
2011752
2011900
2011980
2012052
2012232
2012322
2012328
2012610
2012836
2013144
2013282
2013330
2013396
2013504
2013528
2013816
2013936
2014074
2014110
2014176
2014290
2014440
2014500
2014728
2014812
2014912
2015088
2015328
2015400
2015552
2015682
2015736
2016012
2016018
2016246
2016264
2016360
2016432
2016456
2016462
2016600
2016654
2016750
2016756
2016840
2016906
2016976
2017086
2017116
2017158
2017188
2017416
2017428
2017456
2017488
2017596
2017650
2017836
2017880
2017926
2017932
2017962
2018040
2018052
2018082
2018112
2018676
2018700
2018862
2018922
2018952
2019000
2019024
2019090
2019240
2019492
2019516
2019528
2019540
2019552
2019564
2019720
2019780
2019792
2020158
2020164
2020248
2020308
2020428
2020480
2020746
2020896
2020944
2020956
2020980
2021010
2021064
2021508
2021616
2021700
2021976
2022078
2022180
2022312
2022360
2022576
2022600
2022720
2022832
2023170
2023392
2023488
2023608
2023896
2023952
2023968
2024016
2024088
2024184
2024316
2024370
2024376
2024496
2024596
2024704
2024736
2024874
2025252
2025456
2025660
2025840
2025858
2025954
2025972
2026128
2026230
2026290
2026350
2026440
2026530
2026608
2026776
2027124
2027142
2027340
2027364
2027508
2027536
2027550
2027718
2027970
2028060
2028138
2028264
2028312
2028480
2028570
2028840
2028888
2028894
2029368
2029392
2029512
2029716
2029962
2030028
2030106
2030172
2030280
2030400
2030568
2030688
2030904
2030924
2031024
2031144
2031240
2031316
2031336
2031384
2031480
2031840
2031912
2031942
2031960
2032044
2032260
2032272
2032320
2032422
2032452
2032890
2033016
2033130
2033352
2033436
2033448
2033784
2033838
2033844
2033976
2034004
2034030
2034120
2034390
2034450
2034756
2034858
2034888
2034942
2035104
2035110
2035128
2035266
2035566
2035656
2035704
2035740
2035776
2035836
2035860
2036232
2036616
2036622
2036720
2036790
2036840
2036992
2037108
2037132
2037184
2037192
2037348
2037438
2037600
2037750
2037888
2038036
2038148
2038164
2038200
2038320
2038344
2038368
2038416
2038584
2038680
2038770
2038836
2039010
2039028
2039112
2039160
2039208
2039250
2039274
2039328
2039340
2039352
2039358
2039448
2039472
2039544
2039640
2039730
2039862
2040060
2040138
2040318
2040360
2040420
2040864
2040870
2041080
2041248
2041344
2041368
2041470
2041500
2042064
2042136
2042184
2042232
2042304
2042496
2042562
2042790
2042802
2042940
2043006
2043090
2043708
2043720
2043750
2043816
2043960
2044110
2044260
2044680
2044704
2044836
2045120
2045304
2045496
2045682
2045688
2045796
2046126
2046192
2046204
2046264
2046426
2046672
2046800
2046996
2047062
2047200
2047472
2047710
2047902
2048040
2048082
2048088
2048184
2048228
2048274
2048562
2048580
2048640
2048712
2048760
2048904
2048960
2049168
2049480
2049624
2049768
2049960
2050020
2050152
2050416
2050482
2050520
2050608
2050758
2050770
2050812
2050920
2050980
2051140
2051400
2051532
2051844
2051952
2052092
2052120
2052198
2052480
2052582
2052680
2052726
2052750
2052768
2052912
2053032
2053062
2053104
2053248
2053272
2053512
2053560
2053746
2053758
2053830
2053890
2053950
2054100
2054130
2054280
2054520
2054808
2055144
2055360
2055432
2055474
2055744
2055960
2056110
2056152
2056320
2056416
2056440
2056488
2056500
2056728
2056818
2056824
2057052
2057104
2057160
2057184
2057292
2057310
2057328
2057340
2057370
2057400
2057790
2057874
2057916
2057952
2058000
2058240
2058336
2058444
2058448
2058480
2058678
2059020
2059080
2059110
2059140
2059200
2059302
2059560
2059806
2059818
2059836
2059872
2059908
2059944
2060124
2060190
2060196
2060328
2060424
2060544
2060716
2060820
2060904
2061054
2061120
2061168
2061192
2061228
2061424
2061504
2061522
2061528
2061576
2061672
2061690
2061768
2061852
2061912
2061924
2061948
2061990
2062152
2062256
2062440
2062530
2062584
2062620
2062656
2062740
2062878
2062944
2063082
2063400
2063850
2064072
2064174
2064228
2064580
2064600
2064612
2064618
2064810
2064960
2065164
2065230
2065320
2065416
2065464
2065530
2065752
2066058
2066232
2066274
2066400
2066472
2066664
2067000
2067102
2067120
2067240
2067408
2067648
2067744
2067864
2067900
2067978
2068080
2068224
2068304
2068392
2068728
2068824
2068892
2068920
2068950
2068976
2069058
2069130
2069244
2069520
2069550
2069622
2069946
2069952
2069982
2070096
2070144
2070336
2070390
2070464
2070714
2070720
2070816
2070936
2070972
2071216
2071296
2071308
2071380
2071554
2071572
2071644
2071950
2072040
2072080
2072100
2072232
2072280
2072544
2072796
2072832
2073036
2073120
2073252
2073288
2073540
2073552
2074116
2074170
2074266
2074296
2074422
2074512
2074548
2074680
2074872
2075022
2075088
2075112
2075466
2075502
2075598
2075610
2075612
2075664
2075948
2076030
2076102
2076348
2076366
2076480
2076600
2076720
2076800
2076840
2077044
2077284
2077290
2077326
2077404
2077650
2077656
2077680
2077720
2077722
2077842
2077980
2077992
2078016
2078048
2078124
2078280
2078384
2078550
2078622
2078760
2078808
2079048
2079108
2079240
2079360
2079456
2079474
2079684
2079756
2079840
2079852
2079984
2080080
2080188
2080320
2080344
2080386
2080440
2080512
2080600
2080914
2080944
2081022
2081040
2081064
2081178
2081190
2081226
2081304
2081310
2081400
2081436
2081820
2081982
2082054
2082204
2082240
2082528
2082540
2082810
2082834
2082888
2083020
2083122
2083158
2083200
2083338
2083356
2083440
2083464
2083512
2083560
2083590
2083824
2083950
2083956
2084160
2084340
2084364
2084520
2084640
2084718
2084742
2084754
2084886
2085054
2085150
2085192
2085570
2085636
2085894
2086026
2086050
2086140
2086188
2086380
2086434
2086448
2086488
2086920
2087040
2087070
2087172
2087226
2087316
2087328
2087364
2087400
2087478
2087850
2087856
2087904
2088380
2088534
2088642
2088660
2088768
2088840
2088870
2088918
2089008
2089044
2089224
2089280
2089380
2089506
2089614
2089668
2089740
2089800
2089848
2089956
2090088
2090208
2090262
2090400
2090430
2090466
2090640
2090664
2090850
2090944
2091012
2091042
2091168
2091208
2091320
2091336
2091402
2091474
2091732
2092200
2092212
2092260
2092272
2092338
2092350
2092464
2092496
2092506
2092608
2092854
2093040
2093112
2093160
2093360
2093406
2093448
2093592
2093756
2093820
2093850
2093880
2093976
2094036
2094168
2094300
2094720
2095032
2095080
2095158
2095164
2095380
2095488
2095584
2095752
2096010
2096292
2096544
2096652
2096784
2096922
2097144
2097198
2097810
2097954
2098008
2098098
2098152
2098440
2098512
2098614
2098638
2098656
2098704
2098782
2098800
2098956
2099052
2099088
2099112
2099188
2099208
2099232
2099340
2099376
2099394
2099400
2099472
2099916
2099922
2100024
2100072
2100120
2100204
2100228
2100252
2100264
2100270
2100552
2100600
2100700
2100762
2100792
2100906
2100960
2101266
2101320
2101428
2101650
2101668
2101764
2101860
2101940
2102310
2102688
2102736
2102880
2103090
2103264
2103336
2103384
2103552
2103612
2103624
2103672
2103700
2103750
2104014
2104176
2104200
2104236
2104284
2104340
2104440
2104470
2104480
2104608
2104764
2104782
2104908
2104974
2104992
2105052
2105112
2105328
2105448
2105568
2105600
2105610
2105688
2105724
2105802
2105922
2105976
2106144
2106336
2106360
2106480
2106600
2106780
2106804
2106840
2106846
2106972
2106990
2107176
2107182
2107560
2107572
2107920
2107932
2108022
2108106
2108196
2108340
2108430
2108568
2108640
2108748
2108850
2108928
2109150
2109198
2109210
2109216
2109408
2109486
2109800
2109816
2109984
2110050
2110056
2110320
2110554
2110620
2110704
2110980
2111082
2111130
2111200
2111226
2111280
2111304
2111346
2111406
2111502
2111520
2111560
2111724
2111760
2111850
2111880
2111976
2111982
2112000
2112084
2112186
2112210
2112246
2112396
2112462
2112480
2112496
2112552
2112600
2112642
2112708
2112720
2112870
2113056
2113104
2113110
2113128
2113200
2113244
2113416
2113680
2113716
2113770
2113920
2113956
2114304
2114400
2114616
2115060
2115108
2115126
2115264
2115342
2115348
2115384
2115630
2115720
2115774
2115936
2115960
2116068
2116116
2116206
2116242
2116362
2116440
2116488
2116560
2116776
2116854
2117040
2117148
2117220
2117250
2117394
2117796
2117934
2118072
2118402
2118560
2118624
2118636
2118762
2118846
2118896
2118942
2119176
2119248
2119380
2119464
2119500
2119788
2120094
2120160
2120184
2120280
2120356
2120370
2120568
2120748
2120790
2121090
2121120
2121168
2121440
2121540
2121696
2121840
2121864
2121900
2122248
2122332
2122338
2122470
2122944
2123028
2123064
2123076
2123376
2123400
2123436
2123448
2123700
2123814
2123884
2123910
2124144
2124200
2124216
2124276
2124402
2124630
2124708
2124918
2125050
2125200
2125242
2125344
2125458
2125752
2125800
2126016
2126028
2126040
2126208
2126322
2126340
2126382
2126394
2126628
2126664
2126730
2126784
2126802
2126850
2126970
2127078
2127104
2127150
2127540
2127600
2127780
2127816
2127888
2127960
2127966
2128002
2128008
2128020
2128050
2128080
2128296
2128494
2128584
2128608
2128680
2128734
2128776
2128794
2128830
2128912
2128920
2128962
2128980
2129022
2129112
2129160
2129248
2129388
2129460
2129508
2129562
2129592
2129634
2129646
2129664
2129790
2129814
2129970
2130120
2130156
2130348
2130372
2130432
2130444
2130522
2130576
2130624
2130920
2130930
2131050
2131086
2131428
2131704
2131800
2131830
2131890
2131920
2132244
2132256
2132298
2132328
2132382
2132424
2132580
2132694
2132760
2132772
2132898
2132964
2133024
2133048
2133180
2133236
2133288
2133330
2133348
2133384
2133740
2133768
2134122
2134248
2134308
2134380
2134416
2134440
2134650
2134800
2134920
2134944
2134980
2135016
2135070
2135104
2135112
2135208
2135232
2135376
2135392
2135580
2135706
2135874
2135900
2135904
2135982
2136000
2136204
2136228
2136264
2136294
2136582
2136780
2136810
2136816
2136852
2136942
2136960
2137080
2137160
2137248
2137272
2137338
2137656
2137704
2137740
2137800
2138070
2138220
2138346
2138448
2138472
2138526
2138634
2138808
2139186
2139270
2139294
2139312
2139480
2139636
2139678
2139708
2139744
2139852
2139960
2140116
2140120
2140260
2140572
2140740
2140908
2141080
2141478
2141490
2141496
2141568
2141730
2141832
2141850
2142024
2142288
2142360
2142400
2142532
2142864
2143008
2143128
2143158
2143332
2143440
2143512
2143596
2143752
2143860
2143884
2144088
2144328
2144340
2144352
2144376
2144478
2144520
2144574
2144592
2144880
2145024
2145078
2145090
2145150
2145276
2145330
2145360
2145378
2145486
2145594
2145600
2145882
2145912
2146170
2146350
2146470
2146662
2146896
2147112
2147160
2147376
2147508
2147598
2147610
2147778
2147880
2148006
2148174
2148222
2148300
2148366
2148390
2148498
2148702
2148750
2148858
2148888
2148936
2149002
2149020
2149056
2149182
2149248
2149320
2149420
2149560
2149770
2150028
2150148
2150190
2150556
2150568
2150730
2150760
2150880
2150892
2150898
2151048
2151156
2151240
2151264
2151270
2151660
2151858
2151920
2151960
2152038
2152080
2152380
2152392
2152452
2152638
2152656
2152668
2152812
2153088
2153190
2153298
2153646
2153670
2153700
2153868
2154072
2154120
2154348
2154432
2154516
2154540
2154600
2154792
2154912
2154990
2155008
2155044
2155056
2155242
2155380
2155512
2155872
2155914
2156136
2156232
2156280
2156304
2156322
2156472
2156496
2156544
2156550
2156640
2156664
2156850
2156970
2157320
2157408
2157414
2157488
2157516
2157582
2157600
2157936
2158080
2158110
2158160
2158314
2158344
2158920
2159040
2159112
2159190
2159298
2159334
2159400
2159544
2159556
2159560
2159622
2159760
2159904
2160102
2160210
2160246
2160360
2160816
2161050
2161160
2161272
2161302
2161464
2161524
2161560
2161908
2162340
2162424
2162712
2162724
2162808
2162820
2163216
2163690
2163966
2164048
2164230
2164374
2164542
2164608
2164704
2164776
2164800
2164920
2165088
2165324
2165472
2165610
2165628
2165760
2165796
2165880
2165892
2165982
2166060
2166150
2166168
2166300
2166576
2166864
2166920
2166942
2166990
2167008
2167074
2167170
2167308
2167452
2167578
2167632
2167648
2167776
2168040
2168064
2168292
2168304
2168472
2168512
2168520
2168550
2168592
2168670
2168724
2168840
2168910
2168928
2168946
2169288
2169342
2169642
2169660
2170044
2170056
2170080
2170140
2170290
2170410
2170428
2170476
2170560
2170656
2170668
2170752
2170872
2170896
2170920
2170986
2171040
2171142
2171154
2171160
2171412
2171640
2171784
2171790
2171826
2172048
2172288
2172432
2172450
2172648
2172690
2173008
2173050
2173056
2173212
2173344
2173380
2173392
2173440
2173536
2173608
2173860
2173904
2173920
2173956
2174052
2174304
2174388
2174424
2174436
2174460
2174592
2174616
2174664
2174688
2174788
2175012
2175180
2175264
2175300
2175306
2175488
2175570
2175576
2175624
2175720
2175768
2175894
2175966
2176152
2176194
2176296
2176380
2176392
2176608
2176740
2176788
2177016
2177070
2177112
2177154
2177406
2177472
2177568
2177850
2177994
2178036
2178300
2178306
2178652
2178660
2178846
2178988
2178990
2179020
2179044
2179056
2179254
2179404
2179492
2179704
2179782
2179800
2180022
2180052
2180076
2180256
2180358
2180388
2180448
2180472
2180574
2180670
2180688
2180712
2180760
2180934
2181036
2181042
2181120
2181284
2181402
2181438
2181630
2181978
2182026
2182080
2182362
2182440
2182584
2182600
2182620
2182698
2182920
2182950
2183040
2183046
2183130
2183148
2183310
2183400
2183430
2183532
2183634
2183670
2183790
2183880
2184120
2184210
2184270
2184300
2184552
2184888
2184960
2185074
2185260
2185560
2185566
2185602
2185650
2185668
2185734
2185998
2186040
2186376
2186400
2186910
2187066
2187222
2187240
2187264
2187330
2187336
2187378
2187552
2187750
2188008
2188200
2188296
2188440
2188638
2188680
2188752
2188816
2188860
2189022
2189298
2189328
2189370
2189376
2189532
2189838
2189880
2189958
2189988
2190048
2190120
2190168
2190180
2190288
2190336
2190348
2190450
2190564
2190816
2190852
2190870
2191080
2191098
2191224
2191252
2191350
2191530
2191560
2191566
2191644
2191680
2191952
2192268
2192352
2192520
2192676
2192940
2193030
2193156
2193282
2193696
2193714
2193906
2193984
2194062
2194170
2194452
2194500
2194668
2194830
2194920
2194944
2194968
2195010
2195064
2195154
2195196
2195256
2195304
2195376
2195382
2195664
2195704
2195850
2195970
2196150
2196192
2196200
2196234
2196240
2196270
2196306
2196480
2196510
2196768
2196894
2196930
2196936
2196954
2197128
2197152
2197308
2197356
2197386
2197728
2197800
2197806
2197860
2197920
2198100
2198136
2198180
2198214
2198280
2198580
2198712
2198820
2198832
2199210
2199232
2199366
2199444
2199528
2199600
2199780
2199858
2200128
2200152
2200536
2200764
2201256
2201472
2201742
2201760
2201970
2202150
2202300
2202336
2202396
2202408
2202438
2202480
2202702
2202840
2202888
2203088
2203110
2203668
2203848
2204022
2204034
2204040
2204064
2204160
2204172
2204184
2204550
2204748
2205200
2205308
2205342
2205420
2205744
2205972
2206068
2206242
2206362
2206368
2206464
2206520
2206680
2206866
2206872
2206988
2207196
2207268
2207436
2207454
2207616
2207640
2207892
2207958
2208024
2208072
2208096
2208180
2208220
2208234
2208240
2208402
2208504
2208570
2208594
2208828
2208834
2208864
2208920
2209134
2209212
2209350
2209362
2209428
2209548
2209560
2209890
2209932
2210724
2210736
2210922
2211000
2211132
2211186
2211420
2211426
2211480
2211540
2211588
2212008
2212062
2212308
2212392
2212452
2212584
2212950
2213100
2213136
2213214
2213340
2213496
2213550
2213772
2213940
2214168
2214180
2214234
2214600
2214648
2214714
2214816
2214930
2214960
2215052
2215320
2215410
2215428
2215482
2215560
2216100
2216310
2216424
2216460
2216532
2216550
2216610
2216640
2216670
2216676
2216680
2216940
2217012
2217024
2217060
2217072
2217168
2217180
2217240
2217282
2217288
2217306
2217360
2217504
2218152
2218300
2218356
2218392
2218584
2218650
2218740
2218818
2218860
2219100
2219160
2219184
2219364
2219424
2219560
2219688
2219730
2219742
2219904
2219928
2220012
2220054
2220078
2220096
2220216
2220336
2220372
2220690
2220834
2220848
2220876
2220930
2221110
2221128
2221224
2221356
2221480
2221500
2221542
2221632
2221716
2221800
2221866
2221992
2221996
2222016
2222346
2222376
2222520
2222610
2222616
2222682
2222814
2222856
2222958
2223048
2223192
2223342
2223480
2223522
2223600
2223732
2223882
2223960
2224062
2224110
2224116
2224200
2224362
2224440
2224488
2224572
2224596
2224600
2224620
2224740
2224758
2224776
2224824
2224848
2224878
2224980
2225088
2225104
2225148
2225208
2225640
2225652
2225742
2225808
2226060
2226090
2226102
2226300
2226420
2226520
2226588
2226600
2226630
2226812
2226816
2226888
2226984
2227044
2227140
2227170
2227316
2227368
2227668
2227740
2227904
2228016
2228320
2228352
2228436
2228490
2228532
2228574
2228600
2228610
2228634
2228706
2228820
2228868
2228982
2229246
2229342
2229408
2229426
2229438
2229486
2229636
2229828
2229916
2229948
2230000
2230074
2230236
2230416
2230542
2230560
2230668
2230908
2231130
2231190
2231220
2231412
2231436
2231526
2231640
2231700
2231760
2231808
2231832
2231880
2231922
2231976
2232024
2232060
2232072
2232270
2232288
2232342
2232420
2232576
2232636
2232882
2233260
2233620
2233800
2233836
2233854
2234100
2234160
2234172
2234268
2234400
2234862
2234892
2234910
2235054
2235168
2235240
2235288
2235324
2235480
2235630
2235816
2235828
2235856
2235936
2235960
2236218
2236416
2236440
2236824
2236848
2236950
2237016
2237028
2237052
2237118
2237214
2237226
2237256
2237280
2237310
2237598
2237760
2237784
2237814
2237928
2238048
2238084
2238222
2238432
2238480
2238712
2238744
2238822
2239074
2239104
2239128
2239200
2239340
2239446
2239482
2239620
2239680
2239720
2239860
2239950
2240130
2240142
2240472
2240704
2241000
2241198
2241432
2241438
2241792
2241960
2242284
2242302
2242488
2242548
2242602
2242926
2243124
2243160
2243184
2243208
2243248
2243304
2243358
2243388
2243824
2244000
2244042
2244084
2244252
2244336
2244384
2244424
2244912
2244928
2245092
2245122
2245200
2245236
2245260
2245350
2245368
2245560
2245608
2245680
2245800
2245860
2245936
2245950
2246000
2246076
2246112
2246328
2246340
2246376
2246400
2246520
2246622
2246720
2246760
2246826
2246860
2246916
2246958
2247510
2247624
2248056
2248104
2248128
2248164
2248302
2248320
2248392
2248428
2248500
2248560
2248596
2248776
2248792
2248800
2248830
2248944
2248980
2249016
2249388
2249406
2249484
2249520
2249562
2249796
2249832
2249850
2250024
2250072
2250144
2250324
2250360
2250408
2250642
2250654
2250678
2250732
2250912
2251050
2251056
2251320
2251440
2251458
2251520
2251524
2251836
2252010
2252088
2252160
2252190
2252224
2252376
2252400
2252520
2252682
2252760
2252832
2252850
2252880
2252888
2252892
2253012
2253186
2253252
2253408
2253600
2253720
2253858
2253966
2253990
2254140
2254280
2254302
2254320
2254464
2254476
2254488
2254500
2254698
2254710
2254872
2254986
2255088
2255238
2255244
2255280
2255460
2255520
2255622
2255628
2255898
2255988
2256084
2256144
2256276
2256312
2256352
2256570
2256624
2256990
2257128
2257500
2257836
2257920
2257956
2257974
2258058
2258184
2258304
2258550
2258760
2259000
2259276
2259572
2259680
2259720
2259792
2259906
2259960
2260152
2260160
2260200
2260230
2260248
2260320
2260404
2260548
2260584
2260632
2260686
2260752
2260836
2260860
2260962
2261310
2261520
2261664
2261778
2261898
2262060
2262246
2262360
2262414
2262546
2262624
2262816
2262936
2263170
2263176
2263260
2263434
2263662
2263698
2263860
2264022
2264100
2264394
2264400
2264436
2264760
2264892
2265126
2265522
2265576
2265654
2265858
2266230
2266432
2266452
2266460
2266488
2266536
2266770
2266962
2266964
2267040
2267160
2267304
2267424
2267550
2267824
2267874
2267892
2267904
2267940
2268000
2268080
2268240
2268888
2268980
2268984
2269068
2269290
2269344
2269456
2269488
2270088
2270280
2270310
2270358
2270436
2270508
2270520
2270610
2270680
2270760
2270856
2271048
2271108
2271164
2271276
2271324
2271486
2271504
2271720
2271732
2271780
2271816
2271918
2272032
2272062
2272068
2272116
2272200
2272248
2272380
2272494
2272668
2272740
2272752
2272768
2273040
2273082
2273160
2273184
2273244
2273250
2273298
2273382
2273454
2273520
2273544
2273754
2273796
2273886
2274036
2274048
2274132
2274168
2274294
2274426
2274432
2274696
2274840
2274960
2275000
2275020
2275196
2275218
2275230
2275368
2275434
2275476
2275572
2275692
2275938
2275986
2276100
2276118
2276220
2276232
2276472
2276520
2276550
2276680
2276946
2276970
2277060
2277288
2277348
2277954
2278110
2278192
2278368
2278380
2278464
2278608
2278680
2278770
2279112
2279160
2279244
2279394
2279396
2279484
2279610
2279670
2279696
2279920
2280048
2280120
2280208
2280234
2280396
2280474
2280504
2280600
2280666
2280672
2280924
2281080
2281122
2281160
2281224
2281266
2281302
2281344
2281728
2281770
2281800
2281944
2281956
2282028
2282208
2282496
2282520
2282538
2282670
2282760
2282832
2282880
2282898
2282934
2283036
2283096
2283288
2283318
2283330
2283428
2283504
2283552
2283570
2283582
2283600
2283744
2283780
2284110
2284224
2284380
2284440
2284548
2284848
2284864
2284866
2284896
2285016
2285190
2285208
2285296
2285332
2285790
2285928
2286040
2286270
2286312
2286360
2286486
2286648
2286672
2286690
2286768
2286840
2287068
2287110
2287140
2287280
2287356
2287440
2287464
2287470
2287560
2287584
2287614
2287800
2287848
2287866
2288010
2288076
2288216
2288550
2288664
2288790
2288808
2289000
2289126
2289252
2289276
2289348
2289606
2289846
2289856
2289924
2289936
2289948
2290008
2290140
2290176
2290632
2290716
2290902
2291244
2291400
2291448
2291460
2291520
2291688
2291736
2292528
2292612
2292696
2292840
2292900
2292960
2293176
2293248
2293326
2293560
2293656
2293752
2293872
2293928
2294040
2294100
2294112
2294148
2294286
2294310
2294340
2294550
2294658
2294694
2294862
2294874
2294896
2294904
2295090
2295240
2295390
2295594
2295640
2295690
2295696
2295720
2295744
2296074
2296452
2296476
2296500
2296588
2296614
2296632
2296650
2296740
2296896
2296914
2297208
2297316
2297352
2297502
2297544
2297592
2297600
2297670
2297730
2297790
2297880
2297910
2297976
2298144
2298210
2298450
2298468
2298492
2298528
2298660
2298726
2299080
2299176
2299368
2299386
2299410
2299560
2299696
2299722
2299728
2299770
2299780
2299872
2299950
2300448
2300532
2300580
2300748
2300760
2301150
2301312
2301702
2302020
2302050
2302158
2302740
2302770
2302968
2303016
2303064
2303412
2303544
2303574
2303808
2303928
2304384
2304552
2304900
2304936
2305176
2305408
2305506
2305650
2305656
2305770
2305872
2305896
2305992
2306184
2306202
2306280
2306334
2306520
2306556
2306628
2306664
2306780
2307000
2307036
2307090
2307168
2307348
2307664
2307798
2307816
2307936
2307978
2308032
2308284
2308356
2308392
2308614
2308632
2308746
2309136
2309256
2309280
2309412
2309550
2309730
2309928
2310288
2310300
2310420
2310592
2310680
2310720
2310840
2310870
2310912
2311020
2311074
2311092
2311104
2311272
2311480
2311524
2311704
2311968
2312064
2312094
2312202
2312424
2312496
2312520
2312646
2312814
2312856
2312874
2313060
2313162
2313336
2313528
2313624
2313672
2313864
2314260
2314314
2314350
2314488
2314602
2314620
2314776
2314782
2314788
2314816
2314818
2314980
2315082
2315268
2315358
2315424
2315460
2315502
2315584
2315648
2315880
2316000
2316042
2316354
2316360
2316420
2316576
2316792
2316864
2316954
2317056
2317224
2317266
2317380
2317416
2317518
2317752
2317932
2317980
2317992
2318112
2318184
2318316
2318400
2318502
2318532
2318670
2318850
2318922
2318988
2319060
2319072
2319080
2319380
2319450
2319624
2319660
2319672
2319768
2319912
2319966
2320080
2320122
2320188
2320230
2320260
2320332
2320404
2320500
2320632
2320680
2320740
2320794
2320806
2320944
2321022
2321148
2321160
2321208
2321352
2321440
2321508
2321520
2321568
2321580
2321688
2321838
2321920
2321940
2321976
2322264
2322408
2322450
2322462
2322594
2323152
2323170
2323314
2323350
2323368
2323566
2323568
2323656
2323776
2323914
2323950
2323992
2324280
2324322
2324328
2324490
2324718
2324856
2325144
2325288
2325330
2325420
2325444
2325636
2325642
2325700
2325726
2325740
2325912
2325960
2325996
2326002
2326170
2326496
2326542
2326584
2326620
2326740
2326752
2326770
2326920
2327016
2327024
2327080
2327310
2327346
2327352
2327364
2327400
2327412
2327520
2327592
2327664
2327880
2327952
2328168
2328252
2328570
2328648
2328750
2328798
2328942
2329050
2329242
2329320
2329580
2329590
2329704
2329800
2329824
2330160
2330376
2330424
2330440
2330460
2330504
2330532
2330568
2330616
2330760
2330784
2330848
2331200
2331210
2331510
2331846
2331960
2332032
2332062
2332242
2332260
2332458
2332548
2332584
2332596
2332650
2332680
2332806
2332876
2332968
2332992
2333088
2333268
2333442
2333952
2334000
2334036
2334120
2334288
2334360
2334388
2334480
2334920
2335200
2335320
2335332
2335440
2335488
2335518
2335760
2336068
2336166
2336208
2336316
2336404
2336412
2336520
2336664
2336742
2336760
2336784
2336820
2337024
2337300
2337336
2337342
2337384
2337462
2337510
2337762
2337816
2337960
2337996
2338144
2338452
2338464
2338512
2338548
2338560
2338638
2338668
2338968
2339016
2339028
2339190
2339250
2339280
2339304
2339328
2339400
2339568
2339802
2339808
2339910
2340072
2340096
2340264
2340558
2340570
2340648
2340660
2340744
2341080
2341224
2341276
2341296
2341356
2341482
2341656
2341674
2341696
2341800
2341824
2341836
2341896
2342064
2342192
2342208
2342262
2342304
2342472
2342574
2342592
2342760
2342856
2343066
2343292
2343612
2343768
2343852
2343990
2344096
2344278
2344308
2344356
2344468
2344662
2344728
2344842
2344860
2344992
2345076
2345160
2345256
2345280
2345304
2345448
2345502
2345544
2345808
2345856
2345964
2345968
2346240
2346264
2346324
2346360
2346500
2346522
2346540
2346600
2346696
2346708
2346792
2346840
2347008
2347128
2347320
2347392
2347560
2347632
2347824
2347956
2348112
2348136
2348316
2348820
2349000
2349060
2349228
2349560
2349630
2349696
2349720
2349732
2349880
2349900
2349960
2349966
2350192
2350360
2350434
2350572
2350600
2350680
2350752
2350980
2350992
2351010
2351040
2351274
2351328
2351460
2351484
2351700
2351718
2351900
2351916
2351958
2352012
2352120
2352162
2352168
2352252
2352348
2352720
2352868
2352882
2352888
2353120
2353152
2353392
2353456
2353650
2353860
2353986
2354040
2354088
2354478
2354592
2354688
2354742
2354940
2354952
2354970
2355048
2355108
2355150
2355168
2355216
2355498
2355528
2355870
2355996
2356056
2356080
2356536
2356560
2356650
2356674
2356680
2356704
2356758
2356764
2357334
2357406
2357418
2357424
2357496
2357712
2358258
2358288
2358312
2358408
2358432
2358600
2358700
2359044
2359056
2359110
2359170
2359236
2359350
2359504
2359650
2359770
2359776
2359908
2359992
2360040
2360190
2360232
2360460
2360544
2360568
2360592
2360610
2360640
2360790
2360952
2360960
2361216
2361240
2361264
2361450
2361480
2361492
2361600
2361708
2361738
2361852
2361990
2362326
2362482
2362520
2362770
2362782
2362788
2362830
2362836
2362892
2363200
2363244
2363424
2363490
2363544
2363784
2363790
2363952
2364174
2364192
2364264
2364384
2364552
2364642
2364960
2365002
2365128
2365230
2365254
2365344
2365380
2365482
2365560
2365584
2365620
2365640
2365704
2365740
2365760
2365830
2365866
2366070
2366232
2366262
2366490
2366532
2366568
2366736
2367048
2367336
2367414
2367552
2367624
2367720
2367792
2367918
2368002
2368104
2368344
2368350
2368392
2368520
2368660
2368716
2368800
2368848
2368884
2368962
2368968
2368992
2369094
2369106
2369250
2369328
2369460
2369472
2369496
2369544
2369622
2369640
2369688
2369730
2369892
2370000
2370144
2370270
2370402
2370600
2370840
2370930
2370954
2370990
2370992
2371350
2371410
2371516
2371530
2371536
2371908
2372034
2372064
2372256
2372262
2372472
2372520
2372544
2372550
2372664
2372784
2372880
2373028
2373030
2373078
2373282
2373528
2373792
2373822
2373828
2373840
2373888
2373940
2374008
2374128
2374232
2374392
2374494
2374584
2374632
2374656
2374668
2374812
2374890
2374980
2375016
2375130
2375268
2375460
2375850
2376066
2376192
2376330
2376576
2376696
2376774
2376808
2376840
2377062
2377128
2377368
2377404
2377476
2377530
2377638
2377650
2377704
2377728
2377800
2377890
2377968
2377998
2378016
2378068
2378202
2378292
2378376
2378814
2378840
2378952
2379240
2379960
2379972
2380008
2380068
2380158
2380182
2380272
2380332
2380374
2380476
2380482
2380494
2380590
2380704
2380756
2381080
2381184
2381214
2381250
2381304
2381382
2381568
2382576
2383122
2383236
2383416
2383650
2383668
2383740
2383920
2383986
2384184
2384226
2384382
2384478
2384514
2384532
2384598
2384670
2384704
2384748
2384820
2384916
2384964
2385042
2385060
2385192
2385240
2385252
2385324
2385372
2385480
2385516
2385600
2385660
2385720
2385738
2386032
2386068
2386152
2386374
2386680
2386728
2386824
2387016
2387084
2387370
2387400
2387418
2387520
2387610
2387616
2387772
2388000
2388228
2388744
2388930
2389008
2389200
2389230
2389248
2389296
2389416
2389480
2389560
2389608
2389660
2389704
2389800
2390004
2390010
2390048
2390070
2390430
2390472
2390490
2390670
2390808
2390934
2390994
2391216
2391456
2391492
2391552
2391568
2391606
2391612
2391816
2391882
2391930
2391936
2391990
2392038
2392248
2392290
2392350
2392360
2392368
2392596
2392620
2392878
2392944
2393040
2393160
2393328
2393490
2393496
2393766
2393832
2393892
2394000
2394054
2394240
2394280
2394780
2394852
2394936
2395140
2395188
2395218
2395260
2395302
2395488
2395494
2395560
2395728
2395740
2395824
2395890
2396082
2396088
2396240
2396280
2396424
2396460
2396472
2396490
2396514
2396560
2396664
2396718
2396760
2396820
2396868
2397000
2397132
2397270
2397558
2397564
2397648
2397720
2397780
2397816
2397888
2397954
2397990
2398008
2398044
2398120
2398140
2398260
2398422
2398656
2398836
2398950
2398968
2399010
2399028
2399040
2399112
2399160
2399184
2399400
2399412
2399436
2399484
2399616
2399640
2399712
2399760
2399796
2399908
2399928
2400040
2400200
2400216
2400528
2400540
2400636
2400720
2400840
2400870
2400912
2400936
2401020
2401074
2401128
2401320
2401344
2401410
2401422
2401464
2401536
2401584
2401650
2401878
2401980
2402010
2402070
2402148
2402160
2402250
2402310
2402328
2402376
2402436
2402592
2402680
2402688
2402784
2402976
2403000
2403156
2403414
2403420
2403540
2403612
2403720
2404008
2404200
2404260
2404284
2404356
2404512
2404548
2404560
2404674
2404896
2404920
2404926
2404976
2405040
2405088
2405262
2405286
2405382
2405400
2405496
2405550
2405850
2405910
2406024
2406042
2406240
2406320
2406420
2406456
2406460
2406570
2406600
2406744
2406792
2406810
2406822
2406894
2406990
2407020
2407056
2407080
2407152
2407170
2407188
2407200
2407254
2407296
2407314
2407344
2407482
2407608
2407704
2407776
2408100
2408160
2408226
2408280
2408358
2408598
2408616
2409030
2409036
2409456
2409480
2409822
2409876
2409912
2409930
2410110
2410350
2410542
2410548
2410632
2410656
2410692
2410716
2410770
2410830
2410912
2410914
2410950
2411076
2411268
2411388
2411400
2411562
2411592
2411604
2411688
2411712
2412220
2412576
2412580
2412774
2412882
2412912
2413012
2413152
2413314
2413380
2413464
2413512
2413656
2414208
2414280
2414304
2414322
2414360
2414424
2414496
2414520
2414604
2414754
2414760
2415246
2415354
2415378
2415474
2415582
2415840
2415846
2415924
2416050
2416164
2416272
2416302
2416506
2417040
2417058
2417112
2417208
2417400
2417408
2417448
2417460
2417724
2418000
2418108
2418168
2418192
2418336
2418360
2418528
2418564
2418570
2418654
2418696
2418912
2419020
2419032
2419038
2419116
2419160
2419176
2419302
2419350
2419398
2419422
2419434
2419488
2419524
2419680
2419692
2420010
2420022
2420160
2420250
2420292
2420352
2420412
2420472
2420532
2420736
2420748
2420760
2420790
2420808
2420982
2421024
2421048
2421090
2421216
2421348
2421384
2421480
2421570
2421582
2421684
2421708
2421720
2421960
2421972
2422080
2422110
2422248
2422350
2422536
2422602
2422824
2422868
2423136
2423184
2423316
2423376
2423400
2423488
2423580
2423640
2423700
2423780
2423844
2423928
2424060
2424168
2424200
2424288
2424436
2424438
2424468
2424552
2424576
2424918
2424936
2424942
2424990
2425068
2425086
2425236
2425374
2425410
2425500
2425640
2426064
2426238
2426244
2426340
2426376
2426592
2426664
2426732
2426808
2426880
2426952
2427468
2427564
2427606
2427800
2427880
2427960
2428300
2428320
2428840
2429082
2429112
2429154
2429280
2429292
2429304
2429640
2429760
2429838
2429840
2429872
2429946
2430420
2430540
2430792
2430816
2430984
2431008
2431242
2431380
2431512
2431536
2432106
2432118
2432178
2432332
2432700
2432730
2432760
2432892
2432912
2433126
2433240
2433312
2433402
2433480
2433552
2433564
2433762
2433864
2433924
2433930
2434050
2434320
2434872
2434900
2435010
2435040
2435202
2435310
2435340
2435382
2435406
2435424
2435466
2435592
2435670
2435784
2435790
2435808
2435868
2435910
2435916
2435976
2436210
2436216
2436240
2436318
2436360
2436564
2436648
2436744
2436756
2436798
2436864
2437008
2437116
2437164
2437200
2437260
2437506
2437704
2437872
2437960
2438022
2438040
2438070
2438208
2438304
2438388
2438436
2438712
2438730
2438802
2438848
2439060
2439144
2439180
2439252
2440170
2440320
2440340
2440392
2440416
2440530
2440536
2441064
2441268
2441400
2441412
2441460
2441472
2441556
2441832
2441868
2441928
2442600
2442636
2442696
2442870
2443176
2443344
2443464
2443656
2443700
2443776
2443896
2443944
2444148
2444160
2444220
2444436
2444796
2444856
2444868
2444880
2444976
2445072
2445330
2445570
2445600
2445768
2445858
2446140
2446188
2446296
2446368
2446506
2446578
2446608
2446878
2446950
2446974
2447082
2447280
2447284
2447346
2447388
2447460
2447536
2447640
2447904
2447922
2447982
2448000
2448090
2448114
2448120
2448336
2448360
2448416
2448432
2448480
2448516
2448564
2448600
2448672
2448948
2448996
2449020
2449242
2449320
2449344
2449368
2449566
2449608
2449656
2449720
2449752
2449788
2449920
2449950
2450160
2450592
2450640
2450670
2450676
2450952
2451126
2451232
2451264
2451336
2451360
2451366
2451414
2451768
2451816
2452038
2452040
2452086
2452104
2452140
2452200
2452284
2452710
2452908
2453000
2453022
2453076
2453118
2453160
2453370
2453400
2453444
2453520
2453560
2453580
2453592
2453892
2454024
2454030
2454144
2454168
2454732
2454852
2454858
2454870
2455242
2455362
2455368
2455392
2455446
2455560
2456370
2456454
2456784
2457000
2457030
2457210
2457384
2457426
2457576
2457660
2457700
2457744
2457894
2458224
2458440
2458464
2458560
2458638
2458692
2458770
2458806
2459010
2459040
2459100
2459250
2459280
2459392
2459400
2459496
2459772
2459808
2460024
2460036
2460156
2460192
2460288
2460384
2460552
2460618
2460648
2460880
2460888
2460984
2461008
2461020
2461104
2461512
2461524
2461620
2461704
2461728
2461788
2461830
2461896
2461900
2461968
2462250
2462512
2462544
2462568
2462704
2462754
2462850
2462856
2462886
2463072
2463136
2463192
2463330
2463424
2463468
2463528
2463636
2463720
2463776
2463780
2463810
2463876
2463936
2463984
2464002
2464050
2464056
2464176
2464560
2464962
2464974
2465118
2465124
2465166
2465262
2465442
2465460
2465526
2465688
2465760
2465766
2465772
2465970
2466030
2466128
2466132
2466156
2466168
2466360
2466450
2466528
2466570
2466990
2467092
2467110
2467128
2467200
2467260
2467290
2467368
2467440
2467612
2467800
2467824
2467836
2468088
2468106
2468214
2468340
2468496
2468520
2468652
2468658
2468760
2468802
2469000
2469024
2469080
2469096
2469120
2469140
2469236
2469246
2469294
2469456
2469480
2469534
2469672
2469750
2469798
2470062
2470068
2470188
2470248
2470278
2470416
2470440
2470710
2470770
2470890
2471094
2471328
2471420
2471640
2471646
2471664
2471700
2471754
2471850
2471904
2472096
2472132
2472228
2472324
2472552
2472580
2472690
2473020
2473156
2473248
2473416
2473436
2473772
2473920
2473980
2473992
2474052
2474200
2474208
2474280
2474310
2474406
2474416
2474460
2474604
2474682
2474916
2475000
2475060
2475144
2475264
2475640
2475840
2475936
2476152
2476320
2476392
2476416
2476470
2476488
2476548
2476584
2476692
2476848
2477100
2477340
2477478
2477610
2477754
2477772
2477790
2477940
2478204
2478336
2478360
2478432
2478528
2478840
2478906
2478960
2479092
2479140
2479188
2479260
2479272
2479416
2479446
2479596
2479620
2479950
2479962
2480256
2480292
2480310
2480394
2480412
2480492
2480640
2480664
2481048
2481164
2481396
2481402
2481564
2481576
2481780
2482032
2482104
2482254
2482272
2482320
2482344
2482350
2482368
2482410
2482590
2482632
2482788
2482794
2482896
2482900
2482956
2483208
2483280
2483382
2483664
2483688
2483700
2483832
2483880
2483968
2484000
2484048
2484054
2484168
2484300
2484600
2484636
2484846
2485056
2485062
2485098
2485296
2485392
2485410
2485530
2485704
2485722
2485770
2485794
2485950
2486016
2486076
2486160
2486184
2486376
2486496
2486538
2487056
2487066
2487240
2487324
2487480
2487594
2487630
2487720
2487936
2487960
2488122
2488170
2488350
2488374
2488578
2488638
2488950
2489016
2489160
2489298
2489310
2489328
2489418
2489454
2489682
2489760
2489796
2489808
2489900
2489916
2490348
2490390
2490456
2490480
2490660
2491110
2491440
2491470
2491680
2491686
2491986
2491992
2492028
2492064
2492184
2492196
2492424
2492676
2492862
2492910
2492982
2493048
2493078
2493108
2493120
2493210
2493288
2493456
2493576
2493582
2493696
2493840
2493876
2493968
2493972
2494020
2494074
2494080
2494104
2494128
2494576
2494656
2494668
2494728
2494776
2494992
2495010
2495040
2495112
2495142
2495184
2495196
2495316
2495340
2495454
2495622
2495724
2495784
2495880
2495904
2496054
2496198
2496252
2496480
2496624
2496648
2496752
2496828
2496912
2496928
2496936
2496956
2497110
2497176
2497242
2497320
2497350
2497560
2497656
2497668
2497920
2497924
2497968
2498076
2498100
2498136
2498244
2498272
2498300
2498310
2498448
2498520
2498616
2498640
2498688
2498712
2498720
2498808
2499000
2499192
2499360
2499672
2499900
2500530
2500632
2500650
2500764
2500776
2500820
2500860
2501064
2501172
2501184
2501496
2501640
2501862
2501976
2502192
2502450
2502456
2502498
2502504
2502816
2502960
2502990
2503080
2503116
2503206
2503284
2503380
2503392
2503404
2503410
2503480
2503536
2503704
2503722
2503800
2503956
2504004
2504160
2504190
2504334
2504442
2504466
2504502
2504640
2504694
2504730
2504796
2504850
2504940
2505048
2505090
2505126
2505294
2505300
2505564
2505612
2505822
2506062
2506140
2506440
2506470
2506476
2506536
2506842
2506848
2506908
2507010
2507130
2507322
2507370
2507520
2507550
2507610
2507760
2507940
2507946
2507958
2507964
2508090
2508360
2508540
2508720
2508822
2508912
2508930
2508978
2509008
2509170
2509230
2509380
2509506
2509536
2509572
2509596
2509764
2509782
2509920
2509992
2510160
2510184
2510280
2510424
2510472
2510700
2510856
2510880
2510910
2511036
2511144
2511360
2511400
2511504
2511708
2511816
2511880
2512080
2512134
2512240
2512350
2512356
2512488
2512512
2512548
2512560
2512680
2512722
2512776
2512908
2513088
2513172
2513420
2513436
2513448
2513840
2513880
2514000
2514006
2514210
2514402
2514414
2514420
2514462
2514642
2514936
2514948
2515098
2515140
2515170
2515194
2515350
2515356
2515428
2515512
2515536
2515560
2515620
2515716
2515744
2515800
2515860
2515926
2516094
2516274
2516448
2516532
2516568
2516688
2517180
2517328
2517600
2517636
2517690
2517696
2517780
2518152
2518176
2518440
2518488
2518848
2518944
2518986
2519010
2519040
2519094
2519160
2519304
2519424
2519556
2519772
2519874
2519976
2520210
2520342
2520456
2520480
2520912
2521044
2521080
2521110
2521470
2521488
2521560
2521704
2521842
2521848
2521944
2522160
2522226
2522232
2522250
2522268
2522280
2522370
2522520
2522610
2522760
2523060
2523108
2523180
2523204
2523240
2523528
2523714
2523732
2523798
2523888
2523900
2523990
2524044
2524170
2524266
2524356
2524464
2524632
2524746
2525040
2525070
2525124
2525184
2525220
2525370
2525400
2525448
2525514
2525520
2525664
2526384
2526402
2526474
2526510
2526552
2526714
2526860
2527044
2527060
2527182
2527200
2527272
2527314
2527416
2527692
2527908
2527938
2528070
2528406
2528520
2528640
2528652
2528796
2528916
2528934
2529054
2529210
2529336
2529348
2529660
2529720
2529744
2529960
2530032
2530080
2530086
2530110
2530220
2530248
2530260
2530344
2530560
2530584
2530632
2530680
2530782
2530836
2530880
2530890
2530920
2530986
2531010
2531082
2531130
2531190
2531406
2531436
2531448
2531496
2531508
2531574
2531640
2531712
2532000
2532072
2532236
2532408
2532498
2532540
2532600
2532648
2532760
2532762
2532816
2532852
2532894
2532996
2533200
2533392
2533458
2533656
2533698
2533960
2534010
2534070
2534088
2534112
2534250
2534568
2534688
2534718
2534760
2534808
2535036
2535162
2535210
2535232
2535282
2535360
2535540
2535570
2535600
2535840
2535984
2535990
2536002
2536020
2536026
2536194
2536326
2536488
2536596
2536650
2536686
2536878
2536908
2537010
2537064
2537080
2537136
2537172
2537190
2537244
2537460
2537520
2537696
2537760
2537772
2537808
2537970
2538088
2538228
2538348
2538360
2538474
2538648
2538768
2538888
2538900
2538984
2539152
2539242
2539350
2539516
2539560
2539680
2539728
2539768
2539818
2539872
2539888
2539944
2539968
2540010
2540088
2540106
2540124
2540232
2540418
2540580
2540610
2540802
2540940
2541024
2541228
2541330
2541336
2541360
2541402
2541540
2541630
2541700
2541810
2542146
2542242
2542372
2542512
2542656
2542704
2542752
2542806
2542848
2542968
2543010
2543220
2543400
2543748
2543790
2543898
2543922
2544108
2544240
2544360
2544432
2544480
2544552
2544672
2545260
2545290
2545326
2545728
2545758
2545776
2545920
2545950
2545956
2546088
2546160
2546232
2546322
2546388
2546460
2546472
2546640
2546742
2546760
2546808
2546880
2546910
2547240
2547864
2547870
2547912
2548008
2548128
2548404
2548494
2548512
2548680
2548734
2548764
2548770
2548836
2548896
2549184
2549196
2549298
2549496
2549610
2549652
2549676
2550060
2550096
2550156
2550192
2550360
2550432
2550504
2550570
2550612
2550688
2550702
2550738
2550792
2551008
2551136
2551140
2551224
2551260
2551314
2551848
2551890
2552112
2552220
2552520
2552682
2552766
2552784
2552808
2552904
2552922
2552970
2553420
2553456
2553618
2554176
2554240
2554350
2554360
2554440
2554632
2554728
2554752
2555100
2555322
2555400
2555584
2555616
2555700
2555718
2555730
2555760
2555784
2556246
2556270
2556480
2556552
2556624
2556732
2557080
2557260
2557344
2557380
2557408
2557440
2557602
2557692
2557704
2557770
2557824
2558136
2558472
2558550
2558592
2558616
2558760
2558802
2558928
2558940
2559000
2559120
2559210
2559222
2559240
2559276
2559360
2559408
2559676
2559780
2559920
2560050
2560170
2560200
2560206
2560452
2560516
2560560
2560662
2560800
2560842
2560860
2561094
2561160
2561220
2561280
2561286
2561364
2561388
2561406
2561412
2561574
2561640
2561670
2561694
2561904
2562042
2562102
2562120
2562240
2562264
2562672
2562720
2562750
2562792
2562816
2563254
2563398
2563416
2563452
2563680
2563884
2564034
2564040
2564154
2564360
2564484
2564568
2564716
2564922
2564964
2565120
2565144
2565320
2565348
2565402
2565450
2565500
2565570
2565600
2565630
2565660
2565756
2565768
2565828
2565960
2566116
2566218
2566422
2566464
2566494
2566560
2566620
2566662
2566782
2566788
2567130
2567232
2567280
2567340
2567344
2567364
2567568
2567640
2567856
2567880
2568084
2568198
2568522
2568636
2568660
2568930
2568960
2569104
2569320
2569482
2569560
2569800
2569920
2569980
2570088
2570096
2570100
2570232
2570238
2570304
2570316
2570328
2570376
2570400
2570580
2570808
2571024
2571060
2571156
2571576
2571588
2571720
2571768
2571960
2572080
2572290
2572482
2572494
2572512
2572656
2572872
2572890
2573248
2573340
2573352
2573394
2573466
2573472
2573480
2573562
2573610
2573664
2573766
2573808
2573900
2574000
2574072
2574240
2574264
2574384
2574468
2574744
2574954
2574990
2574992
2575494
2575530
2575552
2575620
2575680
2575890
2575944
2575968
2576064
2576082
2576196
2576202
2576208
2576352
2576358
2576640
2576670
2576688
2576868
2576928
2577000
2577084
2577240
2577288
2577480
2577732
2577750
2577828
2577834
2577846
2577960
2578032
2578248
2578254
2578296
2578320
2578338
2578464
2578548
2578554
2578590
2578674
2578686
2578710
2578770
2578842
2579040
2579160
2579232
2579248
2579262
2579400
2579520
2579676
2579724
2579832
2579840
2579880
2580096
2580420
2580544
2580600
2580780
2580786
2580852
2580888
2580930
2580990
2581000
2581470
2581488
2581704
2581812
2581860
2581896
2581908
2581950
2581960
2581962
2582016
2582040
2582118
2582160
2582328
2582388
2582400
2582466
2582514
2582748
2582796
2582844
2583360
2583420
2583540
2583570
2583660
2583672
2583812
2583894
2583960
2584128
2584320
2584368
2584650
2584840
2584902
2584998
2585010
2585034
2585352
2585370
2585430
2585688
2585700
2585808
2585892
2586000
2586108
2586120
2586150
2586234
2586402
2586504
2586840
2586888
2586924
2586936
2586978
2586996
2587212
2587340
2587362
2587380
2587410
2587560
2587566
2587662
2587740
2587842
2587854
2587968
2588064
2588100
2588238
2588250
2588256
2588598
2588742
2588772
2588820
2589000
2589048
2589300
2589456
2589768
2589870
2589888
2589984
2590056
2590110
2590182
2590308
2590374
2590392
2590488
2590632
2590740
2590806
2590848
2590860
2591160
2591250
2591304
2591352
2591424
2591622
2591640
2591688
2591730
2592144
2592156
2592264
2592282
2592480
2592672
2592696
2592840
2592942
2592984
2593044
2593080
2593248
2593278
2593368
2593416
2593440
2593530
2593572
2593668
2593692
2593836
2593848
2593890
2593998
2594088
2594136
2594382
2594424
2594550
2594620
2594700
2594808
2594910
2594952
2595150
2595192
2595222
2595312
2595376
2595510
2595540
2595552
2595570
2595582
2595744
2596230
2596440
2596518
2596836
2597022
2597112
2597160
2597184
2597196
2597250
2597310
2597328
2597376
2597490
2597664
2597688
2597826
2597832
2597960
2598360
2598372
2598420
2598600
2598660
2598680
2598820
2598930
2598972
2599020
2599224
2599320
2599352
2599380
2599408
2599704
2599722
2599872
2599944
2599960
2600400
2600724
2601024
2601102
2601336
2601408
2601456
2601468
2601900
2602224
2602260
2602368
2602602
2602710
2602728
2602782
2603034
2603064
2603202
2603466
2603508
2603574
2603776
2603856
2603880
2603904
2604000
2604144
2604162
2604200
2604300
2604342
2604432
2604630
2604720
2604784
2604852
2604864
2605356
2605440
2605806
2605890
2606016
2606064
2606136
2606208
2606328
2606502
2606538
2606610
2606736
2606904
2606970
2607090
2607136
2607150
2607174
2607500
2607588
2607612
2607696
2608056
2608170
2608200
2608296
2608650
2608740
2608752
2609040
2609064
2609160
2609184
2609220
2609364
2609442
2609488
2609656
2609730
2609970
2610162
2610216
2610300
2610330
2610432
2610456
2610520
2610540
2610552
2610560
2610648
2610840
2611026
2611062
2611260
2611320
2611416
2611422
2611518
2611620
2611764
2611824
2611830
2611890
2611920
2611962
2612214
2612352
2612460
2612664
2612736
2612880
2613090
2613540
2613552
2613912
2614008
2614248
2614380
2614440
2614464
2614608
2614680
2614722
2614800
2614842
2614920
2614980
2615190
2615472
2615544
2615676
2615772
2615844
2615880
2615904
2615928
2616210
2616420
2616450
2616628
2616750
2616840
2616948
2616960
2617032
2617140
2617248
2617440
2617636
2617824
2618250
2618280
2618334
2618382
2618384
2618400
2618560
2618562
2618736
2618778
2618826
2618940
2618982
2619168
2619210
2619216
2619330
2619504
2619596
2619624
2619684
2619828
2619960
2619972
2620062
2620074
2620110
2620152
2620182
2620248
2620344
2620476
2620530
2620566
2620584
2620776
2621112
2621190
2621232
2621370
2621532
2621560
2621640
2621670
2621832
2621976
2622192
2622204
2622552
2622624
2622660
2622696
2622762
2622792
2622816
2622888
2622900
2623050
2623056
2623092
2623140
2623230
2623518
2623530
2623542
2623560
2623608
2623632
2623710
2623716
2623752
2623842
2623896
2623950
2624340
2624376
2624412
2624480
2624520
2624720
2625048
2625546
2625570
2625636
2625678
2625780
2625864
2625972
2625990
2626120
2626182
2626248
2626518
2626596
2626656
2626680
2626734
2626758
2626848
2626884
2626986
2627010
2627100
2627310
2627340
2627400
2627436
2627586
2627712
2627844
2627850
2627976
2628480
2628648
2628696
2628720
2628816
2628960
2629170
2629212
2629224
2629338
2629506
2629656
2629860
2629896
2629956
2630034
2630124
2630166
2630280
2630496
2630820
2630826
2630850
2630880
2631120
2631360
2631384
2631424
2631500
2631672
2631696
2631864
2631870
2631936
2632188
2632200
2632260
2632686
2632760
2632860
2632872
2632920
2633040
2633208
2633250
2633268
2633316
2633352
2633360
2633496
2633928
2634072
2634084
2634198
2634282
2634372
2634408
2634642
2634786
2635002
2635056
2635350
2635440
2635494
2635560
2635632
2635656
2635680
2635794
2635800
2635926
2635980
2636004
2636472
2636508
2636670
2636760
2636826
2636910
2637048
2637216
2637360
2637390
2637540
2637672
2637720
2637960
2637972
2637984
2638200
2638260
2638416
2638548
2638896
2638980
2639016
2639094
2639208
2639304
2639448
2639496
2639502
2639544
2639550
2639640
2639670
2639728
2639892
2640048
2640420
2640690
2640846
2640924
2641800
2641900
2642040
2642364
2642436
2642442
2642454
2642514
2642616
2642676
2642856
2642880
2642892
2643036
2643114
2643354
2643450
2643504
2643508
2643900
2643960
2644032
2644056
2644120
2644152
2644242
2644290
2644320
2644386
2644460
2644776
2644830
2644926
2645088
2645136
2645460
2645472
2645574
2645640
2645676
2645680
2645736
2645808
2645832
2645888
2645916
2646000
2646028
2646196
2646594
2647008
2647128
2647200
2647206
2647224
2647272
2647380
2647584
2647638
2647746
2647800
2647890
2648070
2648184
2648448
2648640
2648718
2648850
2648880
2649090
2649108
2649388
2649480
2649678
2649768
2650056
2650116
2650158
2650212
2650248
2650272
2650368
2650500
2650554
2650608
2650620
2650644
2650704
2650746
2650890
2651040
2651064
2651220
2651664
2651748
2651940
2652084
2652228
2652360
2652400
2652432
2652664
2652720
2652876
2653014
2653080
2653248
2653326
2653440
2653530
2653632
2653686
2653752
2653944
2653950
2654100
2654448
2654490
2654640
2654652
2654700
2654760
2654766
2654940
2655016
2655210
2655268
2655420
2655468
2655480
2655600
2655672
2655744
2655966
2656032
2656122
2656128
2656170
2656200
2656296
2656332
2656368
2656416
2656528
2656680
2656788
2656992
2657200
2657304
2657424
2657580
2657652
2657682
2658102
2658120
2658270
2658324
2658408
2658480
2658504
2658588
2658696
2658720
2659040
2659104
2659344
2659356
2659524
2659656
2659680
2659902
2660100
2660220
2660310
2660448
2660616
2660658
2660724
2660742
2660778
2660790
2660808
2661312
2661552
2661708
2661888
2661930
2662110
2662116
2662164
2662212
2662308
2662518
2662836
2663152
2663196
2663220
2663320
2663364
2663496
2663664
2663844
2663874
2663982
2664004
2664198
2664480
2664630
2664676
2665068
2665124
2665344
2665350
2665446
2665560
2665608
2665656
2665722
2665788
2665872
2665992
2666088
2666184
2666244
2666356
2666358
2666364
2666400
2666520
2666550
2666898
2667000
2667060
2667078
2667084
2667162
2667336
2667348
2667384
2667390
2667510
2667720
2667774
2667804
2667888
2667936
2667942
2667984
2668020
2668080
2668230
2668350
2668428
2668464
2668540
2668624
2668680
2668692
2668728
2668980
2669112
2669436
2669448
2669480
2669592
2669640
2669646
2669700
2669742
2670108
2670180
2670588
2670768
2670990
2671218
2671488
2671548
2671770
2671818
2671974
2672304
2672516
2672808
2672838
2672940
2673072
2673156
2673480
2673498
2673570
2673636
2673774
2673888
2673936
2673942
2674116
2674176
2674182
2674422
2674440
2674464
2674470
2674476
2674536
2674560
2674686
2674760
2674776
2674950
2675070
2675106
2675112
2675160
2675328
2675550
2675592
2675970
2676016
2676024
2676150
2676246
2676576
2676618
2676780
2676834
2676840
2676996
2677302
2677506
2677518
2677602
2677842
2677920
2678022
2678220
2678250
2678262
2678328
2678340
2678382
2678526
2678610
2678616
2678640
2678652
2678712
2678718
2678832
2678844
2678848
2678940
2679174
2679192
2679208
2679222
2679264
2679348
2679432
2679456
2679504
2679516
2679690
2679780
2679860
2679948
2679960
2680002
2680188
2680332
2680520
2680536
2680560
2680626
2680680
2680704
2680872
2681076
2681112
2681406
2681520
2681808
2682090
2682210
2682576
2682600
2682624
2682666
2682680
2682708
2683014
2683116
2683134
2683188
2683260
2683284
2683290
2683458
2683660
2683800
2683974
2684058
2684064
2684120
2684202
2684214
2684292
2684328
2684620
2684748
2684934
2685252
2685270
2685536
2685600
2685726
2685960
2686200
2686332
2686350
2686356
2686464
2686600
2686740
2686842
2686860
2686980
2687136
2687280
2687334
2687340
2687430
2687562
2687592
2687634
2687652
2688144
2688168
2688336
2688516
2688696
2688812
2688930
2688948
2688960
2689056
2689128
2689182
2689302
2689416
2689488
2689800
2689842
2689896
2690160
2690172
2690400
2690640
2690688
2690826
2690910
2690940
2690946
2691120
2691348
2691360
2691510
2691762
2691858
2692116
2692200
2692470
2692494
2692500
2692536
2692620
2692662
2692776
2692824
2692844
2692920
2693232
2693394
2693490
2693880
2694042
2694186
2694696
2694840
2694858
2694888
2694972
2694984
2695000
2695068
2695140
2695220
2695224
2695338
2695464
2695608
2695650
2695668
2695728
2695752
2695944
2696172
2696268
2696280
2696310
2696322
2696358
2696730
2696814
2696940
2697000
2697006
2697048
2697114
2697318
2697540
2697552
2697696
2697942
2698104
2698122
2698140
2698164
2698194
2698290
2698368
2698608
2699008
2699400
2699412
2699508
2699544
2699556
2699562
2699808
2699832
2699892
2699970
2699984
2700024
2700348
2700360
2700792
2701110
2701260
2701272
2701320
2701440
2701512
2701578
2701632
2701636
2701686
2701710
2701842
2701872
2701968
2702064
2702136
2702154
2702502
2702712
2702892
2703150
2703612
2703900
2704032
2704050
2704080
2704086
2704104
2704308
2704320
2704518
2704530
2704542
2704604
2704632
2704650
2704932
2704992
2705070
2705154
2705190
2705248
2705340
2705460
2705640
2705700
2705712
2705970
2705982
2706018
2706040
2706162
2706264
2706360
2706462
2706744
2706750
2706888
2706912
2706960
2706984
2707080
2707176
2707236
2707350
2707392
2707460
2707680
2707710
2707722
2707776
2708040
2708184
2708272
2708328
2708412
2708424
2708544
2708790
2708958
2709080
2709196
2709400
2709408
2709480
2709528
2709774
2709780
2710000
2710056
2710104
2710248
2710260
2710332
2710452
2710632
2710680
2710758
2710968
2711400
2711436
2711640
2711664
2711712
2711808
2711832
2711970
2712054
2712060
2712096
2712648
2712668
2712720
2712840
2713140
2713248
2713338
2713488
2713704
2713788
2713800
2713908
2714022
2714100
2714592
2714622
2714724
2714760
2714868
2715144
2715220
2715240
2715270
2715498
2715580
2715732
2715774
2715870
2715906
2715916
2715990
2716080
2716230
2716308
2716380
2716450
2716512
2716542
2716686
2716756
2716776
2716908
2717040
2717112
2717340
2717514
2717670
2718144
2718216
2718390
2718492
2718540
2718750
2718840
2718882
2718972
2719080
2719110
2719122
2719182
2719230
2719242
2719416
2719440
2719552
2719640
2719980
2719998
2720190
2720472
2720490
2720496
2720610
2720730
2720748
2720760
2720928
2721180
2721228
2721400
2721420
2721432
2721474
2721510
2721552
2721564
2721576
2721660
2721720
2721732
2721876
2721984
2722048
2722260
2722590
2722650
2722900
2723196
2723560
2723676
2723832
2723928
2723952
2723970
2724000
2724318
2724576
2724630
2724744
2724792
2724810
2724876
2724888
2725050
2725100
2725134
2725230
2725242
2725302
2725344
2725548
2725632
2725950
2726052
2726082
2726142
2726172
2726190
2726256
2726298
2726328
2726622
2726850
2727048
2727060
2727432
2727570
2727744
2727864
2727870
2727882
2727912
2727972
2728008
2728026
2728446
2728488
2728614
2729304
2729356
2729466
2729472
2729550
2729712
2729928
2729970
2729976
2730066
2730168
2730216
2730300
2730312
2730414
2730600
2730624
2730780
2730840
2730888
2730984
2731200
2731440
2731536
2731560
2731596
2731608
2731652
2731664
2731708
2731932
2732022
2732088
2732184
2732226
2732274
2732328
2732406
2732436
2732520
2732640
2732680
2732716
2732898
2732904
2732920
2732994
2733030
2733048
2733096
2733150
2733222
2733240
2733366
2733456
2733600
2733828
2734044
2734176
2734200
2734272
2734352
2734446
2734824
2734962
2735112
2735208
2735220
2735256
2735296
2735320
2735328
2735334
2735382
2735424
2735460
2735604
2735760
2735838
2735904
2736012
2736036
2736138
2736264
2736552
2736570
2736840
2736882
2736900
2736954
2736984
2737218
2737224
2737440
2737584
2737602
2737672
2737920
2737932
2737944
2738028
2738036
2738160
2738250
2738280
2738316
2738400
2738436
2738496
2738616
2738712
2738764
2738988
2739282
2739380
2739456
2739480
2739960
2740032
2740104
2740200
2740290
2740332
2740416
2740446
2740458
2740500
2740528
2740560
2740956
2741256
2741466
2741508
2741598
2741760
2741796
2741820
2741832
2742120
2742174
2742360
2742420
2742600
2742690
2742696
2742900
2742960
2742990
2743200
2743206
2743320
2743468
2743488
2743608
2743632
2743680
2743722
2743740
2743744
2743818
2743920
2743938
2744124
2744184
2744226
2744240
2744328
2744448
2744480
2744520
2744664
2744712
2744742
2744760
2744886
2744924
2744928
2744952
2745090
2745108
2745120
2745216
2745234
2745414
2745480
2745498
2745792
2745828
2745864
2746176
2746200
2746272
2746356
2746368
2746440
2746900
2747080
2747136
2747250
2747360
2747460
2747676
2747808
2748162
2748228
2748312
2748456
2748480
2748546
2748564
2748672
2748810
2748870
2749140
2749152
2749200
2749350
2749512
2749662
2749770
2749812
2749824
2749878
2749968
2750112
2750370
2750490
2750514
2750604
2750664
2750784
2751000
2751264
2751360
2751420
2751432
2751660
2751700
2751810
2751816
2752164
2752266
2752400
2752410
2752668
2752722
2752800
2753130
2753232
2753316
2753424
2753496
2753568
2753760
2753802
2753844
2753880
2753952
2753982
2754000
2754024
2754036
2754180
2754240
2754336
2754408
2754528
2754552
2754816
2754836
2754990
2755008
2755020
2755224
2755248
2755368
2755464
2755494
2755722
2755740
2755800
2755830
2755896
2755920
2756712
2756754
2757076
2757270
2757412
2757480
2757600
2757672
2757762
2757840
2757888
2758584
2758660
2758896
2759046
2759064
2759250
2759388
2759448
2759520
2759526
2759724
2759736
2759928
2759958
2759976
2759988
2759994
2760048
2760360
2760384
2760436
2760456
2760744
2760768
2761044
2761194
2761200
2761242
2761362
2761542
2761566
2761632
2761656
2761680
2761800
2761824
2761848
2761878
2761944
2762100
2762208
2762604
2762640
2762784
2762886
2762904
2763018
2763036
2763264
2763288
2763474
2763558
2763720
2763930
2763936
2764080
2764170
2764188
2764344
2764350
2764356
2764548
2764590
2764602
2764614
2764728
2764740
2764776
2764968
2765088
2765140
2765496
2765502
2765616
2765646
2765664
2765730
2765796
2765928
2766036
2766200
2766210
2766474
2766582
2766720
2767122
2767164
2767200
2767248
2767436
2767656
2767878
2767980
2767992
2768112
2768196
2768424
2768472
2768556
2768598
2768808
2768920
2768970
2769030
2769216
2769396
2769588
2769676
2769732
2769768
2769780
2769852
2769948
2770020
2770320
2770404
2770416
2770422
2770488
2770650
2770680
2770980
2771016
2771022
2771040
2771082
2771088
2771136
2771232
2771262
2771442
2771520
2771604
2771658
2771880
2772000
2772126
2772132
2772150
2772318
2772360
2772432
2772480
2772492
2772648
2772864
2772876
2772924
2772954
2773000
2773176
2773296
2773440
2773584
2773746
2773848
2773876
2773890
2773944
2773968
2774082
2774304
2774340
2774520
2774580
2774730
2774880
2774904
2775000
2775120
2775330
2775384
2775420
2775462
2775498
2775516
2775612
2775624
2775732
2775762
2775864
2776008
2776104
2776128
2776404
2776452
2776680
2776776
2776950
2776984
2777064
2777214
2777280
2777346
2777376
2777580
2777736
2777754
2777760
2777790
2777856
2777880
2777970
2778090
2778222
2778264
2778354
2778564
2778744
2778768
2778810
2778870
2779008
2779080
2779188
2779476
2779584
2779596
2779704
2779770
2779800
2779924
2780034
2780040
2780112
2780172
2780256
2780304
2780456
2780484
2780580
2780640
2780670
2780778
2780820
2780992
2781000
2781156
2781192
2781228
2781336
2781480
2781584
2781792
2781846
2781940
2782050
2782182
2782392
2782542
2782560
2782692
2782944
2782960
2783052
2783220
2783286
2783598
2783620
2783718
2783784
2783820
2783988
2784090
2784144
2784208
2784222
2784432
2784438
2784516
2784520
2784528
2784544
2784642
2784672
2785098
2785320
2785824
2785830
2785890
2785944
2785950
2785992
2786172
2786184
2786364
2786610
2786644
2786784
2787132
2787156
2787168
2787216
2787232
2787336
2787360
2787400
2787480
2787486
2787512
2787600
2787696
2787792
2787858
2787918
2787960
2788104
2788128
2788188
2788590
2788698
2788872
2788908
2788996
2789010
2789124
2789448
2789634
2789874
2789976
2789982
2790084
2790112
2790200
2790264
2790330
2790432
2790928
2790936
2790984
2791152
2791236
2791680
2791776
2791848
2791880
2792010
2792160
2792352
2792706
2792958
2792970
2793096
2793980
2794062
2794230
2794518
2794614
2794632
2794716
2794818
2794890
2794914
2795280
2795324
2795364
2795640
2795688
2795772
2795904
2796120
2796264
2796768
2796822
2796840
2796906
2797026
2797050
2797080
2797290
2797440
2797536
2797584
2797674
2797842
2797880
2797890
2797968
2798028
2798052
2798070
2798124
2798130
2798160
2798400
2798420
2798442
2798768
2798820
2798940
2799048
2799168
2799360
2799600
2799720
2799762
2799768
2799810
2799882
2799960
2799972
2800260
2800278
2800392
2800480
2800680
2800968
2801046
2801064
2801120
2801244
2801634
2801742
2801814
2801862
2802120
2802156
2802192
2802216
2802336
2802360
2802366
2802420
2802560
2802588
2802654
2802732
2802792
2802882
2802930
2802984
2803032
2803350
2803476
2803626
2803680
2803752
2803836
2803962
2804274
2804292
2804310
2804508
2804520
2804568
2804610
2804640
2804736
2804832
2805102
2805114
2805624
2805630
2805972
2806170
2806314
2806320
2806338
2806656
2806776
2806800
2806860
2806866
2807028
2807136
2807190
2807250
2807280
2807328
2807460
2807568
2807646
2807778
2807880
2808000
2808090
2808264
2808288
2808822
2808832
2808840
2808942
2809122
2809260
2809296
2809404
2809506
2809590
2809650
2809656
2809710
2809728
2809800
2810082
2810088
2810334
2810544
2810550
2810700
2810736
2810760
2810898
2811000
2811078
2811120
2811144
2811150
2811380
2811396
2811552
2811584
2811744
2812044
2812080
2812128
2812188
2812236
2812254
2812482
2812800
2812932
2812986
2813034
2813154
2813238
2813250
2813274
2813304
2813360
2813364
2813400
2813520
2813664
2813808
2813832
2813920
2814240
2814258
2814264
2814456
2814480
2814520
2814528
2814534
2814552
2814840
2815080
2815104
2815200
2815410
2815440
2815488
2815578
2815600
2815638
2815872
2815980
2815988
2816178
2816184
2816352
2816430
2816562
2816688
2816790
2817030
2817060
2817072
2817120
2817136
2817450
2817720
2817846
2818062
2818080
2818144
2818260
2818320
2818392
2818422
2818584
2818650
2818716
2818728
2818848
2818920
2819180
2819280
2819448
2819622
2819670
2819742
2820072
2820096
2820272
2820318
2820690
2820720
2820840
2820870
2820936
2820960
2821008
2821056
2821280
2821302
2821320
2821584
2821620
2822040
2822058
2822120
2822292
2822304
2822358
2822568
2822820
2823048
2823096
2823240
2823306
2823480
2823744
2823816
2823870
2823912
2824272
2824314
2824416
2824500
2824536
2824668
2824794
2824800
2824860
2824866
2824890
2824920
2825208
2825232
2825514
2825586
2825640
2825652
2825718
2825736
2825760
2825904
2826624
2826720
2826768
2826912
2827176
2827200
2827272
2827296
2827440
2827482
2827704
2827830
2827848
2827878
2827972
2828080
2828112
2828190
2828196
2828322
2828400
2828484
2828526
2828550
2828910
2828952
2828976
2829102
2829474
2829480
2829576
2829582
2829690
2829936
2830098
2830140
2830152
2830344
2830410
2830440
2830536
2830584
2830614
2830734
2830836
2830890
2831088
2831400
2831448
2831640
2831712
2831724
2831880
2831934
2832096
2832312
2832402
2832480
2832840
2833012
2833122
2833320
2833416
2833452
2833464
2833952
2834112
2834160
2834190
2834214
2834232
2834304
2834586
2834664
2834910
2835210
2835264
2835288
2835336
2835384
2835420
2835432
2835440
2835528
2835620
2835816
2835960
2835972
2836128
2836344
2836350
2836464
2836482
2836560
2836876
2837274
2837472
2837556
2837784
2838012
2838090
2838150
2838408
2838456
2838600
2838720
2838990
2839056
2839068
2839086
2839476
2839620
2839710
2839758
2839776
2839824
2840028
2840136
2840202
2840292
2840364
2840388
2840712
2840784
2841056
2841072
2841120
2841192
2841432
2841462
2841528
2841552
2841576
2841640
2841684
2841780
2841816
2842020
2842116
2842272
2842620
2842806
2842962
2843160
2843172
2843352
2843526
2843616
2843712
2843766
2843784
2843928
2843946
2844018
2844120
2844168
2844408
2844612
2844840
2844864
2845008
2845056
2845104
2845140
2845212
2845332
2845338
2845560
2845584
2845656
2845680
2845872
2845944
2846028
2846048
2846160
2846436
2846656
2846712
2847120
2847180
2847420
2847486
2847552
2847592
2847654
2847702
2847816
2848110
2848182
2848248
2848380
2848452
2848524
2848572
2848644
2848800
2848830
2849214
2849448
2849544
2849868
2849922
2849924
2850168
2850312
2850330
2850600
2850660
2851104
2851134
2851464
2851520
2851830
2851848
2851890
2851920
2852046
2852164
2852190
2852280
2852382
2852412
2852424
2852550
2852904
2852934
2853020
2853054
2853168
2853180
2853432
2853450
2853522
2853552
2853720
2853744
2853768
2853816
2854008
2854140
2854200
2854278
2854458
2854464
2854650
2854830
2855016
2855136
2855280
2855316
2855328
2855496
2855790
2855832
2855934
2856096
2856114
2856222
2856270
2856294
2856336
2856360
2856516
2856672
2856696
2856756
2856980
2856996
2857074
2857224
2857638
2857650
2857680
2857788
2858112
2858274
2858380
2858400
2858472
2858508
2858532
2858664
2858760
2858934
2859150
2859192
2859240
2859600
2859684
2859720
2859750
2859786
2859804
2859876
2860040
2860308
2860344
2860352
2860520
2860584
2861010
2861142
2861250
2861388
2861412
2861460
2861640
2861736
2861796
2861820
2861928
2861940
2861976
2862048
2862156
2862288
2862312
2862384
2862504
2862630
2862972
2863104
2863224
2863314
2863344
2863536
2863584
2863632
2863644
2863740
2863878
2864160
2864274
2864298
2864430
2864460
2864760
2864784
2864896
2864910
2864928
2865192
2865294
2865300
2865408
2865480
2865630
2865774
2865780
2865954
2866296
2866464
2866500
2866584
2866590
2866704
2866812
2867070
2867160
2867280
2867370
2867424
2867670
2867802
2867880
2868048
2868120
2868192
2868208
2868468
2868552
2868840
2868960
2868984
2869050
2869132
2869176
2869230
2869350
2869480
2869560
2869824
2869840
2869860
2870010
2870064
2870112
2870136
2870250
2870280
2870304
2870376
2870424
2870504
2870628
2870688
2870712
2870760
2871120
2871126
2871232
2871652
2871840
2871900
2871960
2872044
2872104
2872224
2872280
2872350
2872632
2872760
2872884
2873046
2873088
2873094
2873280
2873352
2873358
2873370
2873388
2873454
2873640
2873682
2873736
2873778
2873808
2873850
2874018
2874456
2874534
2874702
2874750
2874822
2874840
2875170
2875188
2875292
2875308
2875710
2875752
2875776
2875824
2875964
2875980
2875992
2876070
2876130
2876208
2876370
2876400
2876448
2876502
2876562
2876808
2876920
2876976
2877012
2877024
2877048
2877096
2877120
2877288
2877336
2878152
2878316
2878484
2878500
2878584
2878596
2878680
2878728
2878854
2878880
2879040
2879484
2879598
2879712
2879778
2879784
2879808
2879820
2879904
2880120
2880332
2880360
2880388
2880414
2880576
2880630
2880774
2880864
2880948
2881134
2881368
2881398
2881440
2881476
2881788
2881920
2881980
2882000
2882232
2882280
2882520
2882610
2882646
2882712
2882796
2882856
2883024
2883192
2883264
2883276
2883438
2883468
2883612
2883664
2883732
2883744
2883760
2883888
2883984
2884000
2884098
2884356
2884440
2884464
2884512
2884554
2884602
2884728
2884920
2885064
2885268
2885328
2885400
2885490
2885640
2885730
2885778
2885928
2885976
2886192
2886480
2886504
2886520
2886678
2886786
2887140
2887164
2887170
2887300
2887410
2887488
2887608
2887704
2887734
2887920
2888000
2888100
2888310
2888592
2888622
2888688
2888802
2888910
2889270
2889336
2889376
2889534
2889558
2889744
2889774
2890290
2890320
2890440
2890632
2890636
2890710
2890728
2890824
2890896
2890926
2891010
2891124
2891148
2891262
2891316
2891376
2891394
2891424
2891568
2891574
2891616
2891622
2891688
2891928
2892174
2892360
2892384
2892390
2892558
2892720
2892744
2892768
2892792
2892888
2893056
2893072
2893176
2893200
2893254
2893284
2893320
2893416
2893488
2893506
2893770
2893860
2893878
2893884
2894160
2894262
2894568
2894664
2894760
2895144
2895156
2895168
2895192
2895252
2895336
2895420
2895498
2895732
2895840
2896362
2896656
2896692
2896752
2896764
2896896
2896968
2896992
2897160
2897310
2897520
2897532
2897550
2898060
2898140
2898210
2898336
2898342
2898348
2898368
2898450
2898456
2898498
2898720
2898822
2898942
2899000
2899098
2899400
2899866
2899872
2900130
2900142
2900184
2900232
2900268
2900376
2900688
2901000
2901096
2901100
2901210
2901240
2901276
2901384
2901432
2901968
2901978
2901984
2902104
2902158
2902242
2902302
2902320
2902356
2902560
2902600
2902860
2902992
2903016
2903064
2903120
2903236
2903280
2903472
2903688
2903850
2903856
2903880
2904048
2904060
2904090
2904660
2904744
2904966
2904984
2905056
2905080
2905104
2905110
2905122
2905160
2905164
2905290
2905434
2905848
2905854
2906160
2906352
2906448
2906508
2906550
2906580
2906604
2906784
2906904
2907036
2907072
2907096
2907120
2907312
2907360
2907408
2907498
2907552
2907570
2907716
2907744
2907864
2907894
2907912
2907918
2908026
2908116
2908152
2908170
2908200
2908416
2908440
2908716
2908752
2909190
2909284
2909370
2909380
2909550
2909592
2909640
2909736
2909760
2909790
2909844
2910150
2910216
2910222
2910504
2910512
2910564
2910600
2910672
2910726
2910894
2911224
2911230
2911272
2911300
2911608
2911632
2911758
2911902
2911944
2911986
2912076
2912280
2912448
2912490
2912616
2912730
2912736
2912760
2912860
2913148
2913468
2913678
2913792
2913816
2914002
2914152
2914188
2914200
2914236
2914278
2914536
2914542
2914758
2914830
2914848
2914968
2915070
2915082
2915094
2915164
2915248
2915352
2915358
2915484
2915688
2915730
2915820
2915832
2915850
2915940
2916144
2916156
2916432
2916696
2916954
2916984
2917020
2917128
2917260
2917278
2917470
2917512
2917530
2917572
2917650
2917842
2917878
2918280
2918340
2918496
2918520
2918550
2918574
2918754
2918880
2919036
2919156
2919390
2919420
2919444
2919528
2919558
2919798
2919828
2920116
2920134
2920328
2920356
2920440
2920470
2920536
2920650
2920722
2920728
2920736
2920770
2920788
2920800
2920908
2920968
2921040
2921184
2921316
2921544
2921556
2921592
2921598
2921730
2921736
2921886
2921940
2922024
2922120
2922132
2922156
2922168
2922180
2922192
2922240
2922264
2922270
2922360
2922528
2922822
2922882
2922930
2922990
2923128
2923188
2923320
2923344
2923416
2923620
2923764
2923848
2924016
2924040
2924068
2924124
2924220
2924256
2924340
2924622
2924640
2925048
2925072
2925186
2925192
2925234
2925288
2925516
2925600
2925648
2925744
2925768
2926008
2926026
2926308
2926416
2926464
2926476
2926584
2926962
2927130
2927184
2927196
2927262
2927400
2927430
2927448
2927496
2927508
2927694
2927808
2927880
2927952
2928000
2928102
2928240
2928336
2928384
2928402
2928432
2928510
2928588
2928798
2928864
2929200
2929272
2929290
2929470
2929680
2929788
2929896
2929962
2930088
2930154
2930208
2930220
2930256
2930400
2930412
2930440
2930634
2930880
2930892
2931144
2931354
2931396
2931456
2931480
2931600
2931712
2931768
2931786
2931990
2932008
2932160
2932356
2932380
2932416
2932488
2932518
2932530
2932650
2932680
2932740
2932900
2933064
2933112
2933328
2933352
2933580
2933826
2933892
2934120
2934144
2934240
2934402
2934432
2934450
2934480
2934594
2934708
2934736
2934750
2934894
2934912
2935062
2935206
2935296
2935332
2935530
2935560
2935770
2935848
2935926
2936520
2936612
2936670
2936928
2936944
2937012
2937620
2937648
2937840
2937990
2938026
2938032
2938128
2938464
2938494
2938512
2938536
2938620
2938650
2938710
2938728
2938848
2938980
2938998
2939004
2939040
2939130
2939202
2939214
2939400
2939454
2939544
2939592
2939688
2939730
2939916
2939970
2940144
2940234
2940270
2940510
2940570
2940702
2940750
2941050
2941140
2941160
2941224
2941326
2941332
2941392
2941410
2941470
2941668
2941744
2942184
2942492
2943000
2943048
2943054
2943090
2943336
2943348
2943498
2943504
2943666
2943876
2943954
2944032
2944080
2944188
2944200
2944256
2944362
2944368
2944584
2944620
2944640
2944704
2944740
2944752
2944788
2944854
2945082
2945320
2945400
2945442
2945466
2945610
2945838
2945850
2945920
2945952
2946024
2946042
2946216
2946240
2946432
2946450
2946528
2946648
2946690
2946846
2946972
2947104
2947188
2947266
2947296
2947320
2947380
2947440
2947464
2947584
2947716
2947854
2948022
2948112
2948190
2948204
2948208
2948232
2948256
2948262
2948370
2948724
2948748
2948808
2948820
2948952
2949012
2949066
2949444
2949480
2949606
2949894
2950002
2950144
2950158
2950218
2950296
2950362
2950440
2950458
2950842
2951040
2951328
2951514
2951904
2952040
2952096
2952348
2952576
2952620
2952750
2952840
2952976
2953020
2953200
2953344
2953368
2953584
2953590
2953632
2953860
2953908
2953980
2954196
2954208
2954448
2954544
2954568
2954628
2954652
2954700
2954820
2954880
2954886
2954952
2954976
2955012
2955042
2955060
2955114
2955198
2955220
2955450
2955876
2956104
2956170
2956278
2956280
2956344
2956800
2956872
2956950
2956992
2957058
2957160
2957364
2957430
2957460
2958318
2958360
2958432
2958456
2958516
2958684
2958870
2958942
2958972
2959140
2959176
2959272
2959386
2959434
2959530
2959896
2960016
2960160
2960352
2960356
2960550
2960604
2960850
2960904
2961024
2961156
2961240
2961420
2961504
2961540
2961660
2961720
2961828
2961852
2961868
2962092
2962128
2962260
2962344
2962380
2962482
2962554
2962638
2962746
2962764
2962960
2963184
2963232
2963766
2963800
2963964
2964192
2964234
2964360
2964440
2964516
2964600
2964612
2964750
2965080
2965128
2965200
2965248
2965272
2965350
2965374
2965560
2965596
2965608
2965878
2965962
2966202
2966236
2966430
2966472
2966568
2966640
2966760
2966832
2966904
2966952
2967080
2967120
2967150
2967156
2967168
2967288
2967510
2967960
2968104
2968110
2968296
2968362
2968416
2968488
2968656
2968692
2969112
2969130
2969220
2969310
2969322
2969358
2969400
2969472
2969478
2969544
2969838
2969910
2969928
2970060
2970090
2970120
2970216
2970240
2970336
2970348
2970588
2970672
2970786
2970828
2970882
2971152
2971332
2971350
2971410
2971800
2972058
2972200
2972520
2972760
2972928
2972940
2973000
2973024
2973120
2973236
2973288
2973648
2973888
2974068
2974230
2974536
2974830
2975028
2975064
2975136
2975148
2975220
2975526
2975610
2975616
2975670
2975904
2975922
2975952
2975970
2975976
2976120
2976402
2976408
2976636
2976732
2977326
2977464
2977542
2977632
2978040
2978080
2978300
2978316
2978472
2978592
2978700
2978712
2978724
2979120
2979174
2979184
2979186
2979192
2979200
2979264
2979456
2979468
2979472
2979636
2979684
2979840
2979880
2979900
2979918
2979924
2979936
2980096
2980200
2980224
2980398
2980488
2980632
2980656
2980752
2980962
2980992
2981076
2981154
2981502
2981580
2981730
2981772
2982048
2982474
2982504
2982588
2982660
2982672
2983032
2983080
2983110
2983332
2983392
2983872
2984016
2984058
2984226
2984340
2984382
2984562
2984712
2984730
2984760
2984856
2985000
2985090
2985102
2985126
2985192
2985216
2985576
2985648
2985654
2985780
2986080
2986110
2986116
2986182
2986284
2986362
2986512
2986602
2986626
2986732
2986830
2986968
2987160
2987180
2987256
2987448
2987766
2987820
2987880
2987892
2988000
2988012
2988024
2988072
2988120
2988342
2988468
2988540
2988810
2988820
2988900
2988916
2989188
2989248
2989368
2989428
2989470
2989560
2989584
2989632
2989656
2989974
2990112
2990220
2990232
2990352
2990652
2990736
2990760
2990856
2991060
2991066
2991360
2991516
2991600
2991684
2991702
2991716
2991720
2991768
2991864
2992032
2992200
2992220
2992440
2992620
2992920
2992948
2993220
2993280
2993310
2993544
2993568
2993592
2993616
2993736
2993784
2993928
2994012
2994068
2994264
2994288
2994320
2994324
2994420
2994696
2994750
2994972
2995014
2995080
2995104
2995260
2995362
2995542
2995680
2995950
2996208
2996400
2996484
2996532
2996748
2996772
2997160
2997228
2997260
2997360
2997528
2997568
2997700
2997720
2997750
2997816
2997840
2997932
2997960
2998068
2998128
2998440
2998470
2998716
2998872
2998890
2999136
2999304
2999484
2999550
2999592
2999766
